% time	cellId	IMSI	frame	sframe	RNTI	mcsTb1	sizeTb1	mcsTb2	sizeTb2
0.021	1	4	3	2	1	0	81	0	0
0.022	1	4	3	3	1	0	81	0	0
0.023	1	4	3	4	1	0	81	0	0
0.024	1	4	3	5	1	0	81	0	0
0.025	1	4	3	6	1	0	81	0	0
0.026	1	9	3	7	3	16	903	0	0
0.027	1	9	3	8	3	16	903	0	0
0.028	1	9	3	9	3	16	903	0	0
0.029	1	9	3	10	3	16	903	0	0
0.03	1	9	4	1	3	18	967	0	0
0.031	1	9	4	2	3	18	967	0	0
0.032	1	8	4	3	11	18	967	0	0
0.033	1	6	4	4	12	18	967	0	0
0.034	1	6	4	5	12	18	967	0	0
0.035	1	4	4	6	1	16	903	0	0
0.036	1	7	4	7	2	16	903	0	0
0.037	1	10	4	8	9	18	967	0	0
0.038	1	10	4	9	9	18	967	0	0
0.039	1	10	4	10	9	18	967	0	0
0.04	1	10	5	1	9	18	967	0	0
0.041	1	7	5	2	2	16	903	0	0
0.042	1	7	5	3	2	16	903	0	0
0.043	1	7	5	4	2	16	903	0	0
0.044	1	7	5	5	2	16	903	0	0
0.045	1	10	5	6	9	18	967	0	0
0.046	1	10	5	7	9	18	967	0	0
0.047	1	8	5	8	11	20	1191	0	0
0.048	1	8	5	9	11	20	1191	0	0
0.049	1	9	5	10	3	16	903	0	0
0.05	1	9	6	1	3	18	967	0	0
0.051	1	9	6	2	3	18	967	0	0
0.052	1	9	6	3	3	18	967	0	0
0.053	1	9	6	4	3	18	967	0	0
0.054	1	7	6	5	2	18	967	0	0
0.055	1	7	6	6	2	18	967	0	0
0.056	1	7	6	7	2	16	903	0	0
0.057	1	7	6	8	2	16	903	0	0
0.058	1	5	6	9	4	18	967	0	0
0.059	1	5	6	10	4	18	967	0	0
0.06	1	7	7	1	2	20	1191	0	0
0.061	1	7	7	2	2	20	1191	0	0
0.062	1	9	7	3	3	18	967	0	0
0.063	1	9	7	4	3	18	967	0	0
0.064	1	5	7	5	4	16	903	0	0
0.065	1	5	7	6	4	16	903	0	0
0.066	1	9	7	7	3	18	967	0	0
0.067	1	9	7	8	3	18	967	0	0
0.068	1	9	7	9	3	18	967	0	0
0.069	1	9	7	10	3	18	967	0	0
0.07	1	9	8	1	3	18	967	0	0
0.071	1	9	8	2	3	18	967	0	0
0.072	1	9	8	3	3	16	903	0	0
0.073	1	10	8	4	9	18	967	0	0
0.074	1	9	8	5	3	18	967	0	0
0.075	1	9	8	6	3	18	967	0	0
0.076	1	9	8	7	3	20	1191	0	0
0.077	1	9	8	8	3	20	1191	0	0
0.078	1	8	8	9	11	20	1191	0	0
0.079	1	7	8	10	2	18	967	0	0
0.08	1	10	9	1	9	18	967	0	0
0.081	1	10	9	2	9	20	1191	0	0
0.082	1	10	9	3	9	20	1191	0	0
0.083	1	10	9	4	9	20	1191	0	0
0.084	1	10	9	5	9	20	1191	0	0
0.085	1	6	9	6	12	16	903	0	0
0.086	1	4	9	7	1	16	903	0	0
0.087	1	4	9	8	1	16	903	0	0
0.088	1	7	9	9	2	16	903	0	0
0.089	1	7	9	10	2	16	903	0	0
0.09	1	9	10	1	3	18	967	0	0
0.091	1	9	10	2	3	18	967	0	0
0.092	1	9	10	3	3	20	1191	0	0
0.093	1	9	10	4	3	20	1191	0	0
0.094	1	9	10	5	3	18	967	0	0
0.095	1	9	10	6	3	18	967	0	0
0.096	1	7	10	7	2	16	903	0	0
0.097	1	10	10	8	9	18	967	0	0
0.098	1	10	10	9	9	18	967	0	0
0.099	1	9	10	10	3	16	903	0	0
0.1	1	10	11	1	9	16	903	0	0
0.101	1	7	11	2	2	14	775	0	0
0.102	1	9	11	3	3	16	903	0	0
0.103	1	9	11	4	3	16	903	0	0
0.104	1	9	11	5	3	16	903	0	0
0.105	1	9	11	6	3	16	903	0	0
0.106	1	7	11	7	2	16	903	0	0
0.107	1	7	11	8	2	16	903	0	0
0.108	1	7	11	9	2	18	967	0	0
0.109	1	7	11	10	2	18	967	0	0
0.11	1	7	12	1	2	18	967	0	0
0.111	1	7	12	2	2	18	967	0	0
0.112	1	7	12	3	2	16	903	0	0
0.113	1	6	12	4	12	18	967	0	0
0.114	1	6	12	5	12	18	967	0	0
0.115	1	7	12	6	2	16	903	0	0
0.116	1	7	12	7	2	18	967	0	0
0.117	1	7	12	8	2	18	967	0	0
0.118	1	5	12	9	4	16	903	0	0
0.119	1	5	12	10	4	16	903	0	0
0.12	1	9	13	1	3	16	903	0	0
0.121	1	9	13	2	3	16	903	0	0
0.122	1	7	13	3	2	18	967	0	0
0.123	1	7	13	4	2	18	967	0	0
0.124	1	10	13	5	9	18	967	0	0
0.125	1	9	13	6	3	16	903	0	0
0.126	1	7	13	7	2	14	775	0	0
0.127	1	7	13	8	2	14	775	0	0
0.128	1	9	13	9	3	18	967	0	0
0.129	1	9	13	10	3	18	967	0	0
0.13	1	9	14	1	3	20	1191	0	0
0.131	1	9	14	2	3	20	1191	0	0
0.132	1	9	14	3	3	16	903	0	0
0.133	1	9	14	4	3	16	903	0	0
0.134	1	9	14	5	3	22	1383	0	0
0.135	1	9	14	6	3	22	1383	0	0
0.136	1	7	14	7	2	18	967	0	0
0.137	1	7	14	8	2	18	967	0	0
0.138	1	9	14	9	3	18	967	0	0
0.139	1	9	14	10	3	18	967	0	0
0.14	1	9	15	1	3	20	1191	0	0
0.141	1	9	15	2	3	20	1191	0	0
0.142	1	10	15	3	9	18	967	0	0
0.143	1	7	15	4	2	16	903	0	0
0.144	1	7	15	5	2	18	967	0	0
0.145	1	7	15	6	2	18	967	0	0
0.146	1	10	15	7	9	18	967	0	0
0.147	1	7	15	8	2	16	903	0	0
0.148	1	9	15	9	3	16	903	0	0
0.149	1	9	15	10	3	16	903	0	0
0.15	1	9	16	1	3	16	903	0	0
0.151	1	9	16	2	3	16	903	0	0
0.152	1	9	16	3	3	16	903	0	0
0.153	1	9	16	4	3	16	903	0	0
0.154	1	7	16	5	2	16	903	0	0
0.155	1	10	16	6	9	18	967	0	0
0.156	1	7	16	7	2	18	967	0	0
0.157	1	7	16	8	2	18	967	0	0
0.158	1	10	16	9	9	18	967	0	0
0.159	1	10	16	10	9	16	903	0	0
0.16	1	10	17	1	9	16	903	0	0
0.161	1	10	17	2	9	16	903	0	0
0.162	1	9	17	3	3	16	903	0	0
0.163	1	9	17	4	3	16	903	0	0
0.164	1	9	17	5	3	16	903	0	0
0.165	1	9	17	6	3	16	903	0	0
0.166	1	7	17	7	2	16	903	0	0
0.167	1	7	17	8	2	16	903	0	0
0.168	1	10	17	9	9	16	903	0	0
0.169	1	10	17	10	9	16	903	0	0
0.17	1	10	18	1	9	16	903	0	0
0.171	1	10	18	2	9	16	903	0	0
0.172	1	10	18	3	9	16	903	0	0
0.173	1	8	18	4	11	16	903	0	0
0.174	1	9	18	5	3	16	903	0	0
0.175	1	9	18	6	3	16	903	0	0
0.176	1	8	18	7	11	16	903	0	0
0.177	1	8	18	8	11	16	903	0	0
0.178	1	9	18	9	3	16	903	0	0
0.179	1	10	18	10	9	18	967	0	0
0.18	1	10	19	1	9	18	967	0	0
0.181	1	9	19	2	3	16	903	0	0
0.182	1	7	19	3	2	16	903	0	0
0.183	1	8	19	4	11	18	967	0	0
0.184	1	8	19	5	11	18	967	0	0
0.185	1	10	19	6	9	20	1191	0	0
0.186	1	10	19	7	9	20	1191	0	0
0.187	1	7	19	8	2	16	903	0	0
0.188	1	5	19	9	4	16	903	0	0
0.189	1	10	19	10	9	18	967	0	0
0.19	1	10	20	1	9	18	967	0	0
0.191	1	8	20	2	11	18	967	0	0
0.192	1	8	20	3	11	18	967	0	0
0.193	1	9	20	4	3	16	903	0	0
0.194	1	9	20	5	3	18	967	0	0
0.195	1	9	20	6	3	18	967	0	0
0.196	1	7	20	7	2	16	903	0	0
0.197	1	7	20	8	2	16	903	0	0
0.198	1	7	20	9	2	18	967	0	0
0.199	1	7	20	10	2	18	967	0	0
0.2	1	7	21	1	2	18	967	0	0
0.201	1	7	21	2	2	18	967	0	0
0.202	1	10	21	3	9	16	903	0	0
0.203	1	8	21	4	11	16	903	0	0
0.204	1	8	21	5	11	16	903	0	0
0.205	1	10	21	6	9	16	903	0	0
0.206	1	10	21	7	9	16	903	0	0
0.207	1	10	21	8	9	18	967	0	0
0.208	1	10	21	9	9	18	967	0	0
0.209	1	8	21	10	11	20	1191	0	0
0.21	1	8	22	1	11	20	1191	0	0
0.211	1	8	22	2	11	18	967	0	0
0.212	1	5	22	3	4	18	967	0	0
0.213	1	5	22	4	4	18	967	0	0
0.214	1	9	22	5	3	18	967	0	0
0.215	1	9	22	6	3	18	967	0	0
0.216	1	9	22	7	3	18	967	0	0
0.217	1	9	22	8	3	18	967	0	0
0.218	1	7	22	9	2	16	903	0	0
0.219	1	7	22	10	2	16	903	0	0
0.22	1	9	23	1	3	18	967	0	0
0.221	1	9	23	2	3	18	967	0	0
0.222	1	9	23	3	3	18	967	0	0
0.223	1	9	23	4	3	18	967	0	0
0.224	1	9	23	5	3	18	967	0	0
0.225	1	9	23	6	3	18	967	0	0
0.226	1	9	23	7	3	16	903	0	0
0.227	1	10	23	8	9	20	1191	0	0
0.228	1	10	23	9	9	20	1191	0	0
0.229	1	10	23	10	9	18	967	0	0
0.23	1	10	24	1	9	18	967	0	0
0.231	1	7	24	2	2	14	775	0	0
0.232	1	7	24	3	2	14	775	0	0
0.233	1	7	24	4	2	14	775	0	0
0.234	1	9	24	5	3	16	903	0	0
0.235	1	9	24	6	3	16	903	0	0
0.236	1	7	24	7	2	18	967	0	0
0.237	1	7	24	8	2	18	967	0	0
0.238	1	9	24	9	3	18	967	0	0
0.239	1	9	24	10	3	18	967	0	0
0.24	1	7	25	1	2	16	903	0	0
0.241	1	10	25	2	9	18	967	0	0
0.242	1	10	25	3	9	18	967	0	0
0.243	1	7	25	4	2	16	903	0	0
0.244	1	7	25	5	2	16	903	0	0
0.245	1	7	25	6	2	16	903	0	0
0.246	1	9	25	7	3	20	1191	0	0
0.247	1	9	25	8	3	20	1191	0	0
0.248	1	9	25	9	3	18	967	0	0
0.249	1	9	25	10	3	18	967	0	0
0.25	1	9	26	1	3	18	967	0	0
0.251	1	9	26	2	3	18	967	0	0
0.252	1	10	26	3	9	18	967	0	0
0.253	1	9	26	4	3	16	903	0	0
0.254	1	10	26	5	9	16	903	0	0
0.255	1	8	26	6	11	18	967	0	0
0.256	1	8	26	7	11	18	967	0	0
0.257	1	10	26	8	9	20	1191	0	0
0.258	1	10	26	9	9	20	1191	0	0
0.259	1	7	26	10	2	16	903	0	0
0.26	1	4	27	1	1	16	903	0	0
0.261	1	6	27	2	12	18	967	0	0
0.262	1	6	27	3	12	18	967	0	0
0.263	1	9	27	4	3	16	903	0	0
0.264	1	6	27	5	12	16	903	0	0
0.265	1	10	27	6	9	18	967	0	0
0.266	1	10	27	7	9	18	967	0	0
0.267	1	10	27	8	9	18	967	0	0
0.268	1	10	27	9	9	18	967	0	0
0.269	1	9	27	10	3	16	903	0	0
0.27	1	7	28	1	2	16	903	0	0
0.271	1	8	28	2	11	20	1191	0	0
0.272	1	8	28	3	11	20	1191	0	0
0.273	1	10	28	4	9	18	967	0	0
0.274	1	9	28	5	3	18	967	0	0
0.275	1	9	28	6	3	18	967	0	0
0.276	1	7	28	7	2	18	967	0	0
0.277	1	7	28	8	2	18	967	0	0
0.278	1	7	28	9	2	20	1191	0	0
0.279	1	7	28	10	2	20	1191	0	0
0.28	1	7	29	1	2	18	967	0	0
0.281	1	7	29	2	2	18	967	0	0
0.282	1	5	29	3	4	18	967	0	0
0.283	1	5	29	4	4	18	967	0	0
0.284	1	9	29	5	3	16	903	0	0
0.285	1	9	29	6	3	16	903	0	0
0.286	1	9	29	7	3	14	775	0	0
0.287	1	9	29	8	3	14	775	0	0
0.288	1	7	29	9	2	14	775	0	0
0.289	1	10	29	10	9	16	903	0	0
0.29	1	7	30	1	2	16	903	0	0
0.291	1	7	30	2	2	16	903	0	0
0.292	1	9	30	3	3	16	903	0	0
0.293	1	9	30	4	3	16	903	0	0
0.294	1	4	30	5	1	16	903	0	0
0.295	1	4	30	6	1	16	903	0	0
0.296	1	7	30	7	2	16	903	0	0
0.297	1	7	30	8	2	16	903	0	0
0.298	1	9	30	9	3	20	1191	0	0
0.299	1	9	30	10	3	20	1191	0	0
0.3	1	9	31	1	3	18	967	0	0
0.301	1	9	31	2	3	18	967	0	0
0.302	1	10	31	3	9	18	967	0	0
0.303	1	10	31	4	9	18	967	0	0
0.304	1	10	31	5	9	18	967	0	0
0.305	1	7	31	6	2	16	903	0	0
0.306	1	9	31	7	3	16	903	0	0
0.307	1	9	31	8	3	16	903	0	0
0.308	1	10	31	9	9	16	903	0	0
0.309	1	10	31	10	9	16	903	0	0
0.31	1	10	32	1	9	16	903	0	0
0.311	1	10	32	2	9	14	775	0	0
0.312	1	7	32	3	2	16	903	0	0
0.313	1	10	32	4	9	18	967	0	0
0.314	1	9	32	5	3	18	967	0	0
0.315	1	9	32	6	3	18	967	0	0
0.316	1	7	32	7	2	18	967	0	0
0.317	1	7	32	8	2	18	967	0	0
0.318	1	7	32	9	2	18	967	0	0
0.319	1	7	32	10	2	18	967	0	0
0.32	1	9	33	1	3	20	1191	0	0
0.321	1	9	33	2	3	20	1191	0	0
0.322	1	7	33	3	2	16	903	0	0
0.323	1	10	33	4	9	18	967	0	0
0.324	1	10	33	5	9	18	967	0	0
0.325	1	9	33	6	3	16	903	0	0
0.326	1	9	33	7	3	18	967	0	0
0.327	1	9	33	8	3	18	967	0	0
0.328	1	7	33	9	2	14	775	0	0
0.329	1	10	33	10	9	18	967	0	0
0.33	1	7	34	1	2	18	967	0	0
0.331	1	7	34	2	2	18	967	0	0
0.332	1	7	34	3	2	16	903	0	0
0.333	1	7	34	4	2	16	903	0	0
0.334	1	7	34	5	2	14	775	0	0
0.335	1	8	34	6	11	16	903	0	0
0.336	1	8	34	7	11	16	903	0	0
0.337	1	8	34	8	11	16	903	0	0
0.338	1	8	34	9	11	16	903	0	0
0.339	1	10	34	10	9	16	903	0	0
0.34	1	7	35	1	2	18	967	0	0
0.341	1	7	35	2	2	18	967	0	0
0.342	1	8	35	3	11	18	967	0	0
0.343	1	7	35	4	2	16	903	0	0
0.344	1	7	35	5	2	16	903	0	0
0.345	1	10	35	6	9	20	1191	0	0
0.346	1	10	35	7	9	20	1191	0	0
0.347	1	10	35	8	9	20	1191	0	0
0.348	1	10	35	9	9	20	1191	0	0
0.349	1	7	35	10	2	16	903	0	0
0.35	1	7	36	1	2	16	903	0	0
0.351	1	7	36	2	2	16	903	0	0
0.352	1	9	36	3	3	16	903	0	0
0.353	1	9	36	4	3	16	903	0	0
0.354	1	7	36	5	2	18	967	0	0
0.355	1	7	36	6	2	18	967	0	0
0.356	1	10	36	7	9	18	967	0	0
0.357	1	7	36	8	2	16	903	0	0
0.358	1	5	36	9	4	18	967	0	0
0.359	1	10	36	10	9	20	1191	0	0
0.36	1	10	37	1	9	20	1191	0	0
0.361	1	10	37	2	9	18	967	0	0
0.362	1	10	37	3	9	18	967	0	0
0.363	1	6	37	4	12	16	903	0	0
0.364	1	9	37	5	3	18	967	0	0
0.365	1	9	37	6	3	18	967	0	0
0.366	1	9	37	7	3	20	1191	0	0
0.367	1	9	37	8	3	20	1191	0	0
0.368	1	7	37	9	2	18	967	0	0
0.369	1	7	37	10	2	18	967	0	0
0.37	1	10	38	1	9	18	967	0	0
0.371	1	9	38	2	3	16	903	0	0
0.372	1	9	38	3	3	20	1191	0	0
0.373	1	9	38	4	3	20	1191	0	0
0.374	1	9	38	5	3	20	1191	0	0
0.375	1	9	38	6	3	20	1191	0	0
0.376	1	7	38	7	2	16	903	0	0
0.377	1	7	38	8	2	16	903	0	0
0.378	1	9	38	9	3	16	903	0	0
0.379	1	9	38	10	3	16	903	0	0
0.38	1	10	39	1	9	16	903	0	0
0.381	1	9	39	2	3	14	775	0	0
0.382	1	7	39	3	2	14	775	0	0
0.383	1	8	39	4	11	16	903	0	0
0.384	1	8	39	5	11	16	903	0	0
0.385	1	8	39	6	11	16	903	0	0
0.386	1	7	39	7	2	18	967	0	0
0.387	1	7	39	8	2	18	967	0	0
0.388	1	7	39	9	2	20	1191	0	0
0.389	1	7	39	10	2	20	1191	0	0
0.39	1	10	40	1	9	20	1191	0	0
0.391	1	9	40	2	3	16	903	0	0
0.392	1	9	40	3	3	20	1191	0	0
0.393	1	9	40	4	3	20	1191	0	0
0.394	1	7	40	5	2	18	967	0	0
0.395	1	7	40	6	2	18	967	0	0
0.396	1	7	40	7	2	16	903	0	0
0.397	1	7	40	8	2	16	903	0	0
0.398	1	10	40	9	9	16	903	0	0
0.399	1	10	40	10	9	18	967	0	0
0.4	1	10	41	1	9	18	967	0	0
0.401	1	8	41	2	11	18	967	0	0
0.402	1	8	41	3	11	18	967	0	0
0.403	1	8	41	4	11	18	967	0	0
0.404	1	8	41	5	11	18	967	0	0
0.405	1	4	41	6	1	14	775	0	0
0.406	1	9	41	7	3	18	967	0	0
0.407	1	9	41	8	3	18	967	0	0
0.408	1	7	41	9	2	18	967	0	0
0.409	1	7	41	10	2	18	967	0	0
0.41	1	7	42	1	2	14	775	0	0
0.411	1	7	42	2	2	14	775	0	0
0.412	1	9	42	3	3	18	967	0	0
0.413	1	9	42	4	3	18	967	0	0
0.414	1	6	42	5	12	18	967	0	0
0.415	1	7	42	6	2	14	775	0	0
0.416	1	9	42	7	3	16	903	0	0
0.417	1	9	42	8	3	16	903	0	0
0.418	1	9	42	9	3	16	903	0	0
0.419	1	9	42	10	3	16	903	0	0
0.42	1	4	43	1	1	18	967	0	0
0.421	1	4	43	2	1	18	967	0	0
0.422	1	7	43	3	2	18	967	0	0
0.423	1	7	43	4	2	18	967	0	0
0.424	1	7	43	5	2	18	967	0	0
0.425	1	7	43	6	2	18	967	0	0
0.426	1	4	43	7	1	16	903	0	0
0.427	1	10	43	8	9	18	967	0	0
0.428	1	9	43	9	3	18	967	0	0
0.429	1	9	43	10	3	18	967	0	0
0.43	1	9	44	1	3	16	903	0	0
0.431	1	6	44	2	12	18	967	0	0
0.432	1	6	44	3	12	18	967	0	0
0.433	1	8	44	4	11	16	903	0	0
0.434	1	8	44	5	11	16	903	0	0
0.435	1	4	44	6	1	14	775	0	0
0.436	1	7	44	7	2	18	967	0	0
0.437	1	7	44	8	2	18	967	0	0
0.438	1	4	44	9	1	16	903	0	0
0.439	1	4	44	10	1	16	903	0	0
0.44	1	4	45	1	1	14	775	0	0
0.441	1	4	45	2	1	14	775	0	0
0.442	1	7	45	3	2	16	903	0	0
0.443	1	7	45	4	2	16	903	0	0
0.444	1	9	45	5	3	16	903	0	0
0.445	1	9	45	6	3	16	903	0	0
0.446	1	9	45	7	3	16	903	0	0
0.447	1	8	45	8	11	18	967	0	0
0.448	1	8	45	9	11	18	967	0	0
0.449	1	10	45	10	9	18	967	0	0
0.45	1	10	46	1	9	18	967	0	0
0.451	1	7	46	2	2	14	775	0	0
0.452	1	9	46	3	3	14	775	0	0
0.453	1	6	46	4	12	16	903	0	0
0.454	1	6	46	5	12	16	903	0	0
0.455	1	3	46	6	15	16	903	0	0
0.456	1	9	46	7	3	20	1191	0	0
0.457	1	9	46	8	3	20	1191	0	0
0.458	1	7	46	9	2	18	967	0	0
0.459	1	7	46	10	2	18	967	0	0
0.46	1	9	47	1	3	16	903	0	0
0.461	1	9	47	2	3	16	903	0	0
0.462	1	9	47	3	3	20	1191	0	0
0.463	1	9	47	4	3	20	1191	0	0
0.464	1	10	47	5	9	18	967	0	0
0.465	1	9	47	6	3	16	903	0	0
0.466	1	5	47	7	4	16	903	0	0
0.467	1	5	47	8	4	16	903	0	0
0.468	1	8	47	9	11	16	903	0	0
0.469	1	10	47	10	9	20	1191	0	0
0.47	1	10	48	1	9	20	1191	0	0
0.471	1	9	48	2	3	18	967	0	0
0.472	1	9	48	3	3	18	967	0	0
0.473	1	9	48	4	3	18	967	0	0
0.474	1	7	48	5	2	18	967	0	0
0.475	1	10	48	6	9	20	1191	0	0
0.476	1	10	48	7	9	20	1191	0	0
0.477	1	4	48	8	1	16	903	0	0
0.478	1	4	48	9	1	16	903	0	0
0.479	1	4	48	10	1	16	903	0	0
0.48	1	5	49	1	4	16	903	0	0
0.481	1	5	49	2	4	16	903	0	0
0.482	1	9	49	3	3	16	903	0	0
0.483	1	10	49	4	9	18	967	0	0
0.484	1	10	49	5	9	18	967	0	0
0.485	1	9	49	6	3	16	903	0	0
0.486	1	4	49	7	1	14	775	0	0
0.487	1	4	49	8	1	14	775	0	0
0.488	1	9	49	9	3	16	903	0	0
0.489	1	9	49	10	3	16	903	0	0
0.49	1	9	50	1	3	16	903	0	0
0.491	1	9	50	2	3	16	903	0	0
0.492	1	9	50	3	3	16	903	0	0
0.493	1	9	50	4	3	16	903	0	0
0.494	1	9	50	5	3	14	775	0	0
0.495	1	10	50	6	9	16	903	0	0
0.496	1	10	50	7	9	16	903	0	0
0.497	1	10	50	8	9	16	903	0	0
0.498	1	10	50	9	9	16	903	0	0
0.499	1	8	50	10	11	18	967	0	0
0.5	1	8	51	1	11	18	967	0	0
0.501	1	8	51	2	11	18	967	0	0
0.502	1	8	51	3	11	18	967	0	0
0.503	1	10	51	4	9	16	903	0	0
0.504	1	7	51	5	2	16	903	0	0
0.505	1	8	51	6	11	18	967	0	0
0.506	1	9	51	7	3	18	967	0	0
0.507	1	8	51	8	11	20	1191	0	0
0.508	1	8	51	9	11	20	1191	0	0
0.509	1	10	51	10	9	18	967	0	0
0.51	1	10	52	1	9	18	967	0	0
0.511	1	10	52	2	9	18	967	0	0
0.512	1	10	52	3	9	18	967	0	0
0.513	1	10	52	4	9	18	967	0	0
0.514	1	10	52	5	9	18	967	0	0
0.515	1	4	52	6	1	16	903	0	0
0.516	1	9	52	7	3	16	903	0	0
0.517	1	9	52	8	3	16	903	0	0
0.518	1	9	52	9	3	14	775	0	0
0.519	1	6	52	10	12	16	903	0	0
0.52	1	7	53	1	2	16	903	0	0
0.521	1	6	53	2	12	18	967	0	0
0.522	1	6	53	3	12	18	967	0	0
0.523	1	7	53	4	2	16	903	0	0
0.524	1	9	53	5	3	16	903	0	0
0.525	1	10	53	6	9	18	967	0	0
0.526	1	9	53	7	3	20	1191	0	0
0.527	1	9	53	8	3	20	1191	0	0
0.528	1	10	53	9	9	18	967	0	0
0.529	1	8	53	10	11	16	903	0	0
0.53	1	8	54	1	11	16	903	0	0
0.531	1	10	54	2	9	18	967	0	0
0.532	1	9	54	3	3	18	967	0	0
0.533	1	9	54	4	3	18	967	0	0
0.534	1	9	54	5	3	16	903	0	0
0.535	1	9	54	6	3	16	903	0	0
0.536	1	9	54	7	3	20	1191	0	0
0.537	1	9	54	8	3	20	1191	0	0
0.538	1	9	54	9	3	18	967	0	0
0.539	1	9	54	10	3	18	967	0	0
0.54	1	9	55	1	3	18	967	0	0
0.541	1	9	55	2	3	18	967	0	0
0.542	1	9	55	3	3	18	967	0	0
0.543	1	9	55	4	3	18	967	0	0
0.544	1	7	55	5	2	16	903	0	0
0.545	1	7	55	6	2	16	903	0	0
0.546	1	9	55	7	3	14	775	0	0
0.547	1	10	55	8	9	18	967	0	0
0.548	1	10	55	9	9	18	967	0	0
0.549	1	10	55	10	9	18	967	0	0
0.55	1	10	56	1	9	18	967	0	0
0.551	1	7	56	2	2	16	903	0	0
0.552	1	7	56	3	2	16	903	0	0
0.553	1	7	56	4	2	16	903	0	0
0.554	1	7	56	5	2	18	967	0	0
0.555	1	7	56	6	2	18	967	0	0
0.556	1	7	56	7	2	18	967	0	0
0.557	1	7	56	8	2	18	967	0	0
0.558	1	9	56	9	3	18	967	0	0
0.559	1	9	56	10	3	18	967	0	0
0.56	1	9	57	1	3	16	903	0	0
0.561	1	9	57	2	3	16	903	0	0
0.562	1	9	57	3	3	18	967	0	0
0.563	1	9	57	4	3	18	967	0	0
0.564	1	9	57	5	3	18	967	0	0
0.565	1	9	57	6	3	18	967	0	0
0.566	1	4	57	7	1	16	903	0	0
0.567	1	4	57	8	1	16	903	0	0
0.568	1	5	57	9	4	16	903	0	0
0.569	1	5	57	10	4	16	903	0	0
0.57	1	5	58	1	4	18	967	0	0
0.571	1	5	58	2	4	18	967	0	0
0.572	1	10	58	3	9	16	903	0	0
0.573	1	7	58	4	2	14	775	0	0
0.574	1	4	58	5	1	18	967	0	0
0.575	1	4	58	6	1	18	967	0	0
0.576	1	7	58	7	2	18	967	0	0
0.577	1	7	58	8	2	18	967	0	0
0.578	1	9	58	9	3	18	967	0	0
0.579	1	9	58	10	3	18	967	0	0
0.58	1	9	59	1	3	16	903	0	0
0.581	1	9	59	2	3	16	903	0	0
0.582	1	9	59	3	3	14	775	0	0
0.583	1	9	59	4	3	14	775	0	0
0.584	1	7	59	5	2	16	903	0	0
0.585	1	8	59	6	11	18	967	0	0
0.586	1	8	59	7	11	18	967	0	0
0.587	1	7	59	8	2	16	903	0	0
0.588	1	9	59	9	3	16	903	0	0
0.589	1	10	59	10	9	18	967	0	0
0.59	1	10	60	1	9	18	967	0	0
0.591	1	9	60	2	3	16	903	0	0
0.592	1	8	60	3	11	16	903	0	0
0.593	1	9	60	4	3	14	775	0	0
0.594	1	7	60	5	2	14	775	0	0
0.595	1	7	60	6	2	14	775	0	0
0.596	1	9	60	7	3	16	903	0	0
0.597	1	9	60	8	3	16	903	0	0
0.598	1	9	60	9	3	18	967	0	0
0.599	1	9	60	10	3	18	967	0	0
0.6	1	9	61	1	3	20	1191	0	0
0.601	1	9	61	2	3	20	1191	0	0
0.602	1	9	61	3	3	22	1383	0	0
0.603	1	9	61	4	3	22	1383	0	0
0.604	1	9	61	5	3	22	1383	0	0
0.605	1	9	61	6	3	22	1383	0	0
0.606	1	9	61	7	3	14	775	0	0
0.607	1	10	61	8	9	18	967	0	0
0.608	1	10	61	9	9	18	967	0	0
0.609	1	5	61	10	4	16	903	0	0
0.61	1	10	62	1	9	16	903	0	0
0.611	1	5	62	2	4	14	775	0	0
0.612	1	9	62	3	3	16	903	0	0
0.613	1	9	62	4	3	16	903	0	0
0.614	1	4	62	5	1	16	903	0	0
0.615	1	4	62	6	1	16	903	0	0
0.616	1	4	62	7	1	14	775	0	0
0.617	1	10	62	8	9	16	903	0	0
0.618	1	9	62	9	3	18	967	0	0
0.619	1	9	62	10	3	18	967	0	0
0.62	1	7	63	1	2	16	903	0	0
0.621	1	7	63	2	2	16	903	0	0
0.622	1	7	63	3	2	18	967	0	0
0.623	1	7	63	4	2	18	967	0	0
0.624	1	7	63	5	2	18	967	0	0
0.625	1	7	63	6	2	18	967	0	0
0.626	1	4	63	7	1	16	903	0	0
0.627	1	10	63	8	9	20	1191	0	0
0.628	1	10	63	9	9	20	1191	0	0
0.629	1	4	63	10	1	18	967	0	0
0.63	1	9	64	1	3	20	1191	0	0
0.631	1	9	64	2	3	20	1191	0	0
0.632	1	7	64	3	2	16	903	0	0
0.633	1	8	64	4	11	18	967	0	0
0.634	1	8	64	5	11	18	967	0	0
0.635	1	8	64	6	11	18	967	0	0
0.636	1	8	64	7	11	18	967	0	0
0.637	1	9	64	8	3	14	775	0	0
0.638	1	9	64	9	3	18	967	0	0
0.639	1	9	64	10	3	18	967	0	0
0.64	1	7	65	1	2	16	903	0	0
0.641	1	7	65	2	2	16	903	0	0
0.642	1	7	65	3	2	18	967	0	0
0.643	1	7	65	4	2	18	967	0	0
0.644	1	10	65	5	9	18	967	0	0
0.645	1	10	65	6	9	18	967	0	0
0.646	1	10	65	7	9	18	967	0	0
0.647	1	6	65	8	12	18	967	0	0
0.648	1	6	65	9	12	18	967	0	0
0.649	1	8	65	10	11	18	967	0	0
0.65	1	8	66	1	11	18	967	0	0
0.651	1	7	66	2	2	16	903	0	0
0.652	1	4	66	3	1	16	903	0	0
0.653	1	6	66	4	12	18	967	0	0
0.654	1	6	66	5	12	18	967	0	0
0.655	1	6	66	6	12	18	967	0	0
0.656	1	5	66	7	4	18	967	0	0
0.657	1	5	66	8	4	18	967	0	0
0.658	1	9	66	9	3	16	903	0	0
0.659	1	8	66	10	11	18	967	0	0
0.66	1	7	67	1	2	20	1191	0	0
0.661	1	7	67	2	2	20	1191	0	0
0.662	1	8	67	3	11	20	1191	0	0
0.663	1	4	67	4	1	18	967	0	0
0.664	1	7	67	5	2	18	967	0	0
0.665	1	7	67	6	2	18	967	0	0
0.666	1	7	67	7	2	16	903	0	0
0.667	1	8	67	8	11	18	967	0	0
0.668	1	8	67	9	11	18	967	0	0
0.669	1	7	67	10	2	16	903	0	0
0.67	1	7	68	1	2	16	903	0	0
0.671	1	7	68	2	2	16	903	0	0
0.672	1	9	68	3	3	16	903	0	0
0.673	1	10	68	4	9	18	967	0	0
0.674	1	9	68	5	3	18	967	0	0
0.675	1	9	68	6	3	18	967	0	0
0.676	1	4	68	7	1	16	903	0	0
0.677	1	4	68	8	1	16	903	0	0
0.678	1	5	68	9	4	16	903	0	0
0.679	1	10	68	10	9	18	967	0	0
0.68	1	9	69	1	3	18	967	0	0
0.681	1	10	69	2	9	20	1191	0	0
0.682	1	10	69	3	9	20	1191	0	0
0.683	1	9	69	4	3	18	967	0	0
0.684	1	9	69	5	3	18	967	0	0
0.685	1	9	69	6	3	18	967	0	0
0.686	1	7	69	7	2	16	903	0	0
0.687	1	8	69	8	11	18	967	0	0
0.688	1	7	69	9	2	18	967	0	0
0.689	1	7	69	10	2	18	967	0	0
0.69	1	5	70	1	4	18	967	0	0
0.691	1	5	70	2	4	18	967	0	0
0.692	1	5	70	3	4	14	775	0	0
0.693	1	10	70	4	9	18	967	0	0
0.694	1	10	70	5	9	18	967	0	0
0.695	1	10	70	6	9	20	1191	0	0
0.696	1	10	70	7	9	20	1191	0	0
0.697	1	9	70	8	3	16	903	0	0
0.698	1	9	70	9	3	18	967	0	0
0.699	1	10	70	10	9	20	1191	0	0
0.7	1	10	71	1	9	20	1191	0	0
0.701	1	9	71	2	3	18	967	0	0
0.702	1	9	71	3	3	16	903	0	0
0.703	1	9	71	4	3	16	903	0	0
0.704	1	9	71	5	3	16	903	0	0
0.705	1	10	71	6	9	18	967	0	0
0.706	1	9	71	7	3	18	967	0	0
0.707	1	9	71	8	3	18	967	0	0
0.708	1	4	71	9	1	14	775	0	0
0.709	1	10	71	10	9	18	967	0	0
0.71	1	10	72	1	9	18	967	0	0
0.711	1	10	72	2	9	16	903	0	0
0.712	1	9	72	3	3	18	967	0	0
0.713	1	9	72	4	3	18	967	0	0
0.714	1	9	72	5	3	16	903	0	0
0.715	1	10	72	6	9	20	1191	0	0
0.716	1	10	72	7	9	20	1191	0	0
0.717	1	7	72	8	2	18	967	0	0
0.718	1	7	72	9	2	16	903	0	0
0.719	1	7	72	10	2	16	903	0	0
0.72	1	8	73	1	11	16	903	0	0
0.721	1	10	73	2	9	18	967	0	0
0.722	1	10	73	3	9	18	967	0	0
0.723	1	10	73	4	9	18	967	0	0
0.724	1	10	73	5	9	18	967	0	0
0.725	1	10	73	6	9	20	1191	0	0
0.726	1	10	73	7	9	20	1191	0	0
0.727	1	10	73	8	9	18	967	0	0
0.728	1	10	73	9	9	18	967	0	0
0.729	1	10	73	10	9	16	903	0	0
0.73	1	9	74	1	3	16	903	0	0
0.731	1	9	74	2	3	16	903	0	0
0.732	1	9	74	3	3	16	903	0	0
0.733	1	9	74	4	3	16	903	0	0
0.734	1	5	74	5	4	16	903	0	0
0.735	1	5	74	6	4	16	903	0	0
0.736	1	7	74	7	2	16	903	0	0
0.737	1	10	74	8	9	18	967	0	0
0.738	1	7	74	9	2	18	967	0	0
0.739	1	7	74	10	2	18	967	0	0
0.74	1	10	75	1	9	16	903	0	0
0.741	1	8	75	2	11	18	967	0	0
0.742	1	8	75	3	11	18	967	0	0
0.743	1	10	75	4	9	18	967	0	0
0.744	1	7	75	5	2	18	967	0	0
0.745	1	7	75	6	2	18	967	0	0
0.746	1	4	75	7	1	14	775	0	0
0.747	1	6	75	8	12	16	903	0	0
0.748	1	9	75	9	3	16	903	0	0
0.749	1	9	75	10	3	16	903	0	0
0.75	1	9	76	1	3	14	775	0	0
0.751	1	9	76	2	3	14	775	0	0
0.752	1	7	76	3	2	18	967	0	0
0.753	1	7	76	4	2	18	967	0	0
0.754	1	9	76	5	3	18	967	0	0
0.755	1	9	76	6	3	18	967	0	0
0.756	1	9	76	7	3	18	967	0	0
0.757	1	9	76	8	3	18	967	0	0
0.758	1	7	76	9	2	16	903	0	0
0.759	1	7	76	10	2	16	903	0	0
0.76	1	7	77	1	2	14	775	0	0
0.761	1	6	77	2	12	16	903	0	0
0.762	1	5	77	3	4	16	903	0	0
0.763	1	8	77	4	11	18	967	0	0
0.764	1	9	77	5	3	18	967	0	0
0.765	1	9	77	6	3	18	967	0	0
0.766	1	10	77	7	9	16	903	0	0
0.767	1	10	77	8	9	14	775	0	0
0.768	1	9	77	9	3	16	903	0	0
0.769	1	8	77	10	11	18	967	0	0
0.77	1	9	78	1	3	18	967	0	0
0.771	1	9	78	2	3	18	967	0	0
0.772	1	5	78	3	4	16	903	0	0
0.773	1	10	78	4	9	18	967	0	0
0.774	1	10	78	5	9	18	967	0	0
0.775	1	8	78	6	11	18	967	0	0
0.776	1	8	78	7	11	18	967	0	0
0.777	1	4	78	8	1	14	775	0	0
0.778	1	9	78	9	3	18	967	0	0
0.779	1	9	78	10	3	18	967	0	0
0.78	1	10	79	1	9	18	967	0	0
0.781	1	8	79	2	11	20	1191	0	0
0.782	1	8	79	3	11	20	1191	0	0
0.783	1	4	79	4	1	14	775	0	0
0.784	1	7	79	5	2	16	903	0	0
0.785	1	8	79	6	11	18	967	0	0
0.786	1	8	79	7	11	18	967	0	0
0.787	1	8	79	8	11	18	967	0	0
0.788	1	8	79	9	11	18	967	0	0
0.789	1	9	79	10	3	16	903	0	0
0.79	1	5	80	1	4	16	903	0	0
0.791	1	5	80	2	4	16	903	0	0
0.792	1	9	80	3	3	18	967	0	0
0.793	1	9	80	4	3	18	967	0	0
0.794	1	9	80	5	3	18	967	0	0
0.795	1	9	80	6	3	18	967	0	0
0.796	1	7	80	7	2	16	903	0	0
0.797	1	7	80	8	2	16	903	0	0
0.798	1	7	80	9	2	16	903	0	0
0.799	1	7	80	10	2	16	903	0	0
0.8	1	5	81	1	4	16	903	0	0
0.801	1	10	81	2	9	18	967	0	0
0.802	1	10	81	3	9	18	967	0	0
0.803	1	10	81	4	9	20	1191	0	0
0.804	1	10	81	5	9	20	1191	0	0
0.805	1	10	81	6	9	16	903	0	0
0.806	1	9	81	7	3	16	903	0	0
0.807	1	9	81	8	3	16	903	0	0
0.808	1	7	81	9	2	16	903	0	0
0.809	1	7	81	10	2	16	903	0	0
0.81	1	10	82	1	9	16	903	0	0
0.811	1	7	82	2	2	14	775	0	0
0.812	1	7	82	3	2	16	903	0	0
0.813	1	10	82	4	9	18	967	0	0
0.814	1	7	82	5	2	18	967	0	0
0.815	1	7	82	6	2	18	967	0	0
0.816	1	9	82	7	3	18	967	0	0
0.817	1	9	82	8	3	18	967	0	0
0.818	1	9	82	9	3	18	967	0	0
0.819	1	9	82	10	3	18	967	0	0
0.82	1	9	83	1	3	18	967	0	0
0.821	1	9	83	2	3	18	967	0	0
0.822	1	9	83	3	3	18	967	0	0
0.823	1	9	83	4	3	18	967	0	0
0.824	1	9	83	5	3	18	967	0	0
0.825	1	9	83	6	3	18	967	0	0
0.826	1	8	83	7	11	18	967	0	0
0.827	1	8	83	8	11	16	903	0	0
0.828	1	7	83	9	2	16	903	0	0
0.829	1	10	83	10	9	18	967	0	0
0.83	1	10	84	1	9	18	967	0	0
0.831	1	4	84	2	1	16	903	0	0
0.832	1	7	84	3	2	18	967	0	0
0.833	1	7	84	4	2	18	967	0	0
0.834	1	7	84	5	2	18	967	0	0
0.835	1	7	84	6	2	18	967	0	0
0.836	1	9	84	7	3	18	967	0	0
0.837	1	9	84	8	3	18	967	0	0
0.838	1	9	84	9	3	16	903	0	0
0.839	1	9	84	10	3	16	903	0	0
0.84	1	9	85	1	3	16	903	0	0
0.841	1	9	85	2	3	16	903	0	0
0.842	1	9	85	3	3	16	903	0	0
0.843	1	10	85	4	9	18	967	0	0
0.844	1	10	85	5	9	18	967	0	0
0.845	1	10	85	6	9	18	967	0	0
0.846	1	10	85	7	9	18	967	0	0
0.847	1	7	85	8	2	16	903	0	0
0.848	1	7	85	9	2	16	903	0	0
0.849	1	7	85	10	2	16	903	0	0
0.85	1	9	86	1	3	18	967	0	0
0.851	1	9	86	2	3	18	967	0	0
0.852	1	9	86	3	3	16	903	0	0
0.853	1	9	86	4	3	16	903	0	0
0.854	1	9	86	5	3	18	967	0	0
0.855	1	9	86	6	3	18	967	0	0
0.856	1	10	86	7	9	18	967	0	0
0.857	1	9	86	8	3	16	903	0	0
0.858	1	10	86	9	9	16	903	0	0
0.859	1	10	86	10	9	20	1191	0	0
0.86	1	10	87	1	9	20	1191	0	0
0.861	1	10	87	2	9	16	903	0	0
0.862	1	7	87	3	2	18	967	0	0
0.863	1	7	87	4	2	18	967	0	0
0.864	1	8	87	5	11	18	967	0	0
0.865	1	7	87	6	2	16	903	0	0
0.866	1	10	87	7	9	16	903	0	0
0.867	1	8	87	8	11	18	967	0	0
0.868	1	8	87	9	11	18	967	0	0
0.869	1	8	87	10	11	20	1191	0	0
0.87	1	8	88	1	11	20	1191	0	0
0.871	1	9	88	2	3	18	967	0	0
0.872	1	8	88	3	11	18	967	0	0
0.873	1	10	88	4	9	18	967	0	0
0.874	1	10	88	5	9	18	967	0	0
0.875	1	8	88	6	11	18	967	0	0
0.876	1	8	88	7	11	18	967	0	0
0.877	1	5	88	8	4	16	903	0	0
0.878	1	9	88	9	3	16	903	0	0
0.879	1	9	88	10	3	16	903	0	0
0.88	1	8	89	1	11	16	903	0	0
0.881	1	6	89	2	12	18	967	0	0
0.882	1	5	89	3	4	18	967	0	0
0.883	1	5	89	4	4	18	967	0	0
0.884	1	8	89	5	11	18	967	0	0
0.885	1	8	89	6	11	18	967	0	0
0.886	1	9	89	7	3	20	1191	0	0
0.887	1	9	89	8	3	20	1191	0	0
0.888	1	9	89	9	3	16	903	0	0
0.889	1	9	89	10	3	16	903	0	0
0.89	1	5	90	1	4	18	967	0	0
0.891	1	5	90	2	4	18	967	0	0
0.892	1	8	90	3	11	18	967	0	0
0.893	1	9	90	4	3	16	903	0	0
0.894	1	9	90	5	3	18	967	0	0
0.895	1	9	90	6	3	18	967	0	0
0.896	1	9	90	7	3	18	967	0	0
0.897	1	9	90	8	3	18	967	0	0
0.898	1	5	90	9	4	18	967	0	0
0.899	1	5	90	10	4	18	967	0	0
0.9	1	9	91	1	3	20	1191	0	0
0.901	1	9	91	2	3	20	1191	0	0
0.902	1	10	91	3	9	18	967	0	0
0.903	1	6	91	4	12	18	967	0	0
0.904	1	9	91	5	3	18	967	0	0
0.905	1	9	91	6	3	18	967	0	0
0.906	1	6	91	7	12	18	967	0	0
0.907	1	9	91	8	3	16	903	0	0
0.908	1	9	91	9	3	20	1191	0	0
0.909	1	9	91	10	3	20	1191	0	0
0.91	1	9	92	1	3	22	1383	0	0
0.911	1	9	92	2	3	22	1383	0	0
0.912	1	9	92	3	3	16	903	0	0
0.913	1	9	92	4	3	16	903	0	0
0.914	1	5	92	5	4	20	1191	0	0
0.915	1	5	92	6	4	20	1191	0	0
0.916	1	7	92	7	2	14	775	0	0
0.917	1	7	92	8	2	14	775	0	0
0.918	1	4	92	9	1	16	903	0	0
0.919	1	8	92	10	11	18	967	0	0
0.92	1	8	93	1	11	18	967	0	0
0.921	1	10	93	2	9	18	967	0	0
0.922	1	10	93	3	9	18	967	0	0
0.923	1	5	93	4	4	16	903	0	0
0.924	1	5	93	5	4	18	967	0	0
0.925	1	5	93	6	4	18	967	0	0
0.926	1	9	93	7	3	20	1191	0	0
0.927	1	9	93	8	3	20	1191	0	0
0.928	1	9	93	9	3	20	1191	0	0
0.929	1	9	93	10	3	20	1191	0	0
0.93	1	9	94	1	3	20	1191	0	0
0.931	1	9	94	2	3	20	1191	0	0
0.932	1	9	94	3	3	18	967	0	0
0.933	1	9	94	4	3	18	967	0	0
0.934	1	9	94	5	3	18	967	0	0
0.935	1	9	94	6	3	18	967	0	0
0.936	1	9	94	7	3	18	967	0	0
0.937	1	9	94	8	3	18	967	0	0
0.938	1	4	94	9	1	12	597	0	0
0.939	1	10	94	10	9	14	775	0	0
0.94	1	9	95	1	3	14	775	0	0
0.941	1	10	95	2	9	16	903	0	0
0.942	1	10	95	3	9	16	903	0	0
0.943	1	10	95	4	9	16	903	0	0
0.944	1	9	95	5	3	20	1191	0	0
0.945	1	9	95	6	3	20	1191	0	0
0.946	1	9	95	7	3	18	967	0	0
0.947	1	9	95	8	3	18	967	0	0
0.948	1	7	95	9	2	18	967	0	0
0.949	1	7	95	10	2	18	967	0	0
0.95	1	7	96	1	2	18	967	0	0
0.951	1	7	96	2	2	18	967	0	0
0.952	1	7	96	3	2	16	903	0	0
0.953	1	7	96	4	2	16	903	0	0
0.954	1	7	96	5	2	16	903	0	0
0.955	1	8	96	6	11	18	967	0	0
0.956	1	8	96	7	11	18	967	0	0
0.957	1	8	96	8	11	22	1383	0	0
0.958	1	8	96	9	11	22	1383	0	0
0.959	1	10	96	10	9	18	967	0	0
0.96	1	10	97	1	9	18	967	0	0
0.961	1	7	97	2	2	16	903	0	0
0.962	1	9	97	3	3	16	903	0	0
0.963	1	8	97	4	11	20	1191	0	0
0.964	1	8	97	5	11	20	1191	0	0
0.965	1	10	97	6	9	18	967	0	0
0.966	1	9	97	7	3	18	967	0	0
0.967	1	9	97	8	3	18	967	0	0
0.968	1	8	97	9	11	18	967	0	0
0.969	1	8	97	10	11	18	967	0	0
0.97	1	8	98	1	11	18	967	0	0
0.971	1	9	98	2	3	16	903	0	0
0.972	1	7	98	3	2	16	903	0	0
0.973	1	10	98	4	9	18	967	0	0
0.974	1	10	98	5	9	18	967	0	0
0.975	1	10	98	6	9	18	967	0	0
0.976	1	7	98	7	2	18	967	0	0
0.977	1	7	98	8	2	18	967	0	0
0.978	1	7	98	9	2	18	967	0	0
0.979	1	7	98	10	2	18	967	0	0
0.98	1	10	99	1	9	16	903	0	0
0.981	1	10	99	2	9	18	967	0	0
0.982	1	10	99	3	9	18	967	0	0
0.983	1	8	99	4	11	18	967	0	0
0.984	1	8	99	5	11	18	967	0	0
0.985	1	10	99	6	9	20	1191	0	0
0.986	1	10	99	7	9	20	1191	0	0
0.987	1	10	99	8	9	20	1191	0	0
0.988	1	10	99	9	9	20	1191	0	0
0.989	1	5	99	10	4	18	967	0	0
0.99	1	9	100	1	3	18	967	0	0
0.991	1	9	100	2	3	18	967	0	0
0.992	1	6	100	3	12	18	967	0	0
0.993	1	8	100	4	11	18	967	0	0
0.994	1	8	100	5	11	18	967	0	0
0.995	1	5	100	6	4	16	903	0	0
0.996	1	8	100	7	11	16	903	0	0
0.997	1	4	100	8	1	14	775	0	0
0.998	1	7	100	9	2	16	903	0	0
0.999	1	7	100	10	2	16	903	0	0
1	1	7	101	1	2	18	967	0	0
1.001	1	7	101	2	2	18	967	0	0
1.002	1	10	101	3	9	18	967	0	0
1.003	1	10	101	4	9	18	967	0	0
1.004	1	10	101	5	9	18	967	0	0
1.005	1	9	101	6	3	16	903	0	0
1.006	1	7	101	7	2	18	967	0	0
1.007	1	7	101	8	2	18	967	0	0
1.008	1	7	101	9	2	16	903	0	0
1.009	1	7	101	10	2	16	903	0	0
1.01	1	10	102	1	9	16	903	0	0
1.011	1	10	102	2	9	16	903	0	0
1.012	1	7	102	3	2	18	967	0	0
1.013	1	7	102	4	2	18	967	0	0
1.014	1	7	102	5	2	18	967	0	0
1.015	1	7	102	6	2	18	967	0	0
1.016	1	9	102	7	3	18	967	0	0
1.017	1	9	102	8	3	18	967	0	0
1.018	1	9	102	9	3	16	903	0	0
1.019	1	9	102	10	3	16	903	0	0
1.02	1	9	103	1	3	18	967	0	0
1.021	1	9	103	2	3	18	967	0	0
1.022	1	10	103	3	9	18	967	0	0
1.023	1	10	103	4	9	16	903	0	0
1.024	1	7	103	5	2	16	903	0	0
1.025	1	7	103	6	2	16	903	0	0
1.026	1	10	103	7	9	16	903	0	0
1.027	1	10	103	8	9	18	967	0	0
1.028	1	10	103	9	9	18	967	0	0
1.029	1	10	103	10	9	20	1191	0	0
1.03	1	10	104	1	9	20	1191	0	0
1.031	1	7	104	2	2	18	967	0	0
1.032	1	7	104	3	2	18	967	0	0
1.033	1	7	104	4	2	18	967	0	0
1.034	1	8	104	5	11	18	967	0	0
1.035	1	4	104	6	1	16	903	0	0
1.036	1	7	104	7	2	16	903	0	0
1.037	1	7	104	8	2	16	903	0	0
1.038	1	7	104	9	2	18	967	0	0
1.039	1	7	104	10	2	18	967	0	0
1.04	1	7	105	1	2	18	967	0	0
1.041	1	7	105	2	2	18	967	0	0
1.042	1	9	105	3	3	20	1191	0	0
1.043	1	9	105	4	3	20	1191	0	0
1.044	1	7	105	5	2	16	903	0	0
1.045	1	10	105	6	9	18	967	0	0
1.046	1	10	105	7	9	18	967	0	0
1.047	1	10	105	8	9	22	1383	0	0
1.048	1	10	105	9	9	22	1383	0	0
1.049	1	10	105	10	9	20	1191	0	0
1.05	1	9	106	1	3	20	1191	0	0
1.051	1	9	106	2	3	20	1191	0	0
1.052	1	9	106	3	3	20	1191	0	0
1.053	1	9	106	4	3	20	1191	0	0
1.054	1	7	106	5	2	18	967	0	0
1.055	1	7	106	6	2	18	967	0	0
1.056	1	5	106	7	4	16	903	0	0
1.057	1	5	106	8	4	16	903	0	0
1.058	1	6	106	9	12	16	903	0	0
1.059	1	6	106	10	12	16	903	0	0
1.06	1	4	107	1	1	16	903	0	0
1.061	1	4	107	2	1	16	903	0	0
1.062	1	7	107	3	2	18	967	0	0
1.063	1	7	107	4	2	18	967	0	0
1.064	1	9	107	5	3	18	967	0	0
1.065	1	9	107	6	3	18	967	0	0
1.066	1	10	107	7	9	18	967	0	0
1.067	1	10	107	8	9	18	967	0	0
1.068	1	10	107	9	9	18	967	0	0
1.069	1	10	107	10	9	18	967	0	0
1.07	1	10	108	1	9	18	967	0	0
1.071	1	10	108	2	9	18	967	0	0
1.072	1	10	108	3	9	18	967	0	0
1.073	1	6	108	4	12	16	903	0	0
1.074	1	6	108	5	12	16	903	0	0
1.075	1	10	108	6	9	16	903	0	0
1.076	1	10	108	7	9	16	903	0	0
1.077	1	8	108	8	11	16	903	0	0
1.078	1	7	108	9	2	16	903	0	0
1.079	1	7	108	10	2	16	903	0	0
1.08	1	7	109	1	2	14	775	0	0
1.081	1	8	109	2	11	16	903	0	0
1.082	1	4	109	3	1	16	903	0	0
1.083	1	8	109	4	11	18	967	0	0
1.084	1	8	109	5	11	18	967	0	0
1.085	1	8	109	6	11	18	967	0	0
1.086	1	9	109	7	3	18	967	0	0
1.087	1	9	109	8	3	18	967	0	0
1.088	1	7	109	9	2	16	903	0	0
1.089	1	7	109	10	2	16	903	0	0
1.09	1	9	110	1	3	18	967	0	0
1.091	1	9	110	2	3	18	967	0	0
1.092	1	8	110	3	11	18	967	0	0
1.093	1	6	110	4	12	16	903	0	0
1.094	1	7	110	5	2	16	903	0	0
1.095	1	7	110	6	2	16	903	0	0
1.096	1	9	110	7	3	16	903	0	0
1.097	1	9	110	8	3	16	903	0	0
1.098	1	9	110	9	3	16	903	0	0
1.099	1	8	110	10	11	18	967	0	0
1.1	1	8	111	1	11	18	967	0	0
1.101	1	10	111	2	9	18	967	0	0
1.102	1	10	111	3	9	18	967	0	0
1.103	1	8	111	4	11	18	967	0	0
1.104	1	8	111	5	11	18	967	0	0
1.105	1	7	111	6	2	16	903	0	0
1.106	1	8	111	7	11	16	903	0	0
1.107	1	8	111	8	11	16	903	0	0
1.108	1	8	111	9	11	16	903	0	0
1.109	1	8	111	10	11	16	903	0	0
1.11	1	7	112	1	2	16	903	0	0
1.111	1	6	112	2	12	18	967	0	0
1.112	1	6	112	3	12	18	967	0	0
1.113	1	7	112	4	2	16	903	0	0
1.114	1	7	112	5	2	16	903	0	0
1.115	1	7	112	6	2	16	903	0	0
1.116	1	6	112	7	12	16	903	0	0
1.117	1	8	112	8	11	20	1191	0	0
1.118	1	8	112	9	11	20	1191	0	0
1.119	1	7	112	10	2	16	903	0	0
1.12	1	7	113	1	2	18	967	0	0
1.121	1	7	113	2	2	18	967	0	0
1.122	1	7	113	3	2	16	903	0	0
1.123	1	7	113	4	2	16	903	0	0
1.124	1	9	113	5	3	18	967	0	0
1.125	1	9	113	6	3	18	967	0	0
1.126	1	6	113	7	12	16	903	0	0
1.127	1	8	113	8	11	18	967	0	0
1.128	1	9	113	9	3	18	967	0	0
1.129	1	9	113	10	3	18	967	0	0
1.13	1	9	114	1	3	18	967	0	0
1.131	1	9	114	2	3	18	967	0	0
1.132	1	10	114	3	9	18	967	0	0
1.133	1	8	114	4	11	18	967	0	0
1.134	1	9	114	5	3	18	967	0	0
1.135	1	9	114	6	3	18	967	0	0
1.136	1	9	114	7	3	16	903	0	0
1.137	1	9	114	8	3	16	903	0	0
1.138	1	4	114	9	1	16	903	0	0
1.139	1	4	114	10	1	16	903	0	0
1.14	1	7	115	1	2	16	903	0	0
1.141	1	7	115	2	2	16	903	0	0
1.142	1	9	115	3	3	20	1191	0	0
1.143	1	9	115	4	3	20	1191	0	0
1.144	1	9	115	5	3	20	1191	0	0
1.145	1	9	115	6	3	20	1191	0	0
1.146	1	10	115	7	9	18	967	0	0
1.147	1	9	115	8	3	16	903	0	0
1.148	1	9	115	9	3	16	903	0	0
1.149	1	9	115	10	3	16	903	0	0
1.15	1	5	116	1	4	18	967	0	0
1.151	1	5	116	2	4	18	967	0	0
1.152	1	7	116	3	2	18	967	0	0
1.153	1	7	116	4	2	18	967	0	0
1.154	1	9	116	5	3	18	967	0	0
1.155	1	9	116	6	3	18	967	0	0
1.156	1	9	116	7	3	18	967	0	0
1.157	1	9	116	8	3	18	967	0	0
1.158	1	9	116	9	3	16	903	0	0
1.159	1	9	116	10	3	16	903	0	0
1.16	1	9	117	1	3	18	967	0	0
1.161	1	9	117	2	3	18	967	0	0
1.162	1	9	117	3	3	20	1191	0	0
1.163	1	9	117	4	3	20	1191	0	0
1.164	1	7	117	5	2	16	903	0	0
1.165	1	7	117	6	2	16	903	0	0
1.166	1	9	117	7	3	16	903	0	0
1.167	1	9	117	8	3	16	903	0	0
1.168	1	9	117	9	3	18	967	0	0
1.169	1	9	117	10	3	18	967	0	0
1.17	1	9	118	1	3	18	967	0	0
1.171	1	9	118	2	3	18	967	0	0
1.172	1	9	118	3	3	18	967	0	0
1.173	1	9	118	4	3	18	967	0	0
1.174	1	9	118	5	3	18	967	0	0
1.175	1	9	118	6	3	18	967	0	0
1.176	1	7	118	7	2	14	775	0	0
1.177	1	7	118	8	2	14	775	0	0
1.178	1	7	118	9	2	14	775	0	0
1.179	1	7	118	10	2	14	775	0	0
1.18	1	9	119	1	3	16	903	0	0
1.181	1	9	119	2	3	16	903	0	0
1.182	1	9	119	3	3	16	903	0	0
1.183	1	9	119	4	3	16	903	0	0
1.184	1	10	119	5	9	16	903	0	0
1.185	1	9	119	6	3	14	775	0	0
1.186	1	9	119	7	3	18	967	0	0
1.187	1	9	119	8	3	18	967	0	0
1.188	1	10	119	9	9	18	967	0	0
1.189	1	6	119	10	12	16	903	0	0
1.19	1	9	120	1	3	16	903	0	0
1.191	1	9	120	2	3	16	903	0	0
1.192	1	6	120	3	12	16	903	0	0
1.193	1	4	120	4	1	14	775	0	0
1.194	1	5	120	5	4	16	903	0	0
1.195	1	5	120	6	4	16	903	0	0
1.196	1	7	120	7	2	16	903	0	0
1.197	1	7	120	8	2	16	903	0	0
1.198	1	8	120	9	11	16	903	0	0
1.199	1	7	120	10	2	14	775	0	0
1.2	1	5	121	1	4	16	903	0	0
1.201	1	5	121	2	4	16	903	0	0
1.202	1	7	121	3	2	14	775	0	0
1.203	1	7	121	4	2	14	775	0	0
1.204	1	7	121	5	2	14	775	0	0
1.205	1	10	121	6	9	16	903	0	0
1.206	1	10	121	7	9	16	903	0	0
1.207	1	10	121	8	9	18	967	0	0
1.208	1	10	121	9	9	18	967	0	0
1.209	1	9	121	10	3	16	903	0	0
1.21	1	4	122	1	1	16	903	0	0
1.211	1	4	122	2	1	16	903	0	0
1.212	1	7	122	3	2	14	775	0	0
1.213	1	7	122	4	2	14	775	0	0
1.214	1	7	122	5	2	16	903	0	0
1.215	1	7	122	6	2	16	903	0	0
1.216	1	10	122	7	9	16	903	0	0
1.217	1	6	122	8	12	18	967	0	0
1.218	1	9	122	9	3	18	967	0	0
1.219	1	9	122	10	3	18	967	0	0
1.22	1	9	123	1	3	18	967	0	0
1.221	1	9	123	2	3	18	967	0	0
1.222	1	7	123	3	2	16	903	0	0
1.223	1	7	123	4	2	16	903	0	0
1.224	1	4	123	5	1	16	903	0	0
1.225	1	6	123	6	12	20	1191	0	0
1.226	1	6	123	7	12	20	1191	0	0
1.227	1	10	123	8	9	18	967	0	0
1.228	1	9	123	9	3	18	967	0	0
1.229	1	10	123	10	9	20	1191	0	0
1.23	1	10	124	1	9	20	1191	0	0
1.231	1	7	124	2	2	16	903	0	0
1.232	1	5	124	3	4	16	903	0	0
1.233	1	5	124	4	4	16	903	0	0
1.234	1	9	124	5	3	16	903	0	0
1.235	1	9	124	6	3	16	903	0	0
1.236	1	9	124	7	3	16	903	0	0
1.237	1	10	124	8	9	18	967	0	0
1.238	1	5	124	9	4	18	967	0	0
1.239	1	5	124	10	4	18	967	0	0
1.24	1	10	125	1	9	18	967	0	0
1.241	1	5	125	2	4	16	903	0	0
1.242	1	7	125	3	2	16	903	0	0
1.243	1	10	125	4	9	20	1191	0	0
1.244	1	10	125	5	9	20	1191	0	0
1.245	1	5	125	6	4	16	903	0	0
1.246	1	10	125	7	9	16	903	0	0
1.247	1	9	125	8	3	14	775	0	0
1.248	1	5	125	9	4	14	775	0	0
1.249	1	10	125	10	9	18	967	0	0
1.25	1	9	126	1	3	18	967	0	0
1.251	1	9	126	2	3	18	967	0	0
1.252	1	9	126	3	3	16	903	0	0
1.253	1	9	126	4	3	16	903	0	0
1.254	1	9	126	5	3	16	903	0	0
1.255	1	10	126	6	9	18	967	0	0
1.256	1	9	126	7	3	20	1191	0	0
1.257	1	9	126	8	3	20	1191	0	0
1.258	1	10	126	9	9	18	967	0	0
1.259	1	8	126	10	11	20	1191	0	0
1.26	1	8	127	1	11	20	1191	0	0
1.261	1	8	127	2	11	18	967	0	0
1.262	1	8	127	3	11	18	967	0	0
1.263	1	10	127	4	9	16	903	0	0
1.264	1	10	127	5	9	16	903	0	0
1.265	1	8	127	6	11	16	903	0	0
1.266	1	5	127	7	4	16	903	0	0
1.267	1	5	127	8	4	16	903	0	0
1.268	1	9	127	9	3	18	967	0	0
1.269	1	9	127	10	3	18	967	0	0
1.27	1	9	128	1	3	16	903	0	0
1.271	1	9	128	2	3	16	903	0	0
1.272	1	7	128	3	2	16	903	0	0
1.273	1	7	128	4	2	16	903	0	0
1.274	1	9	128	5	3	18	967	0	0
1.275	1	9	128	6	3	18	967	0	0
1.276	1	9	128	7	3	16	903	0	0
1.277	1	9	128	8	3	16	903	0	0
1.278	1	8	128	9	11	16	903	0	0
1.279	1	10	128	10	9	18	967	0	0
1.28	1	10	129	1	9	18	967	0	0
1.281	1	10	129	2	9	20	1191	0	0
1.282	1	10	129	3	9	20	1191	0	0
1.283	1	9	129	4	3	14	775	0	0
1.284	1	7	129	5	2	14	775	0	0
1.285	1	10	129	6	9	16	903	0	0
1.286	1	9	129	7	3	18	967	0	0
1.287	1	9	129	8	3	18	967	0	0
1.288	1	7	129	9	2	18	967	0	0
1.289	1	7	129	10	2	18	967	0	0
1.29	1	7	130	1	2	18	967	0	0
1.291	1	7	130	2	2	18	967	0	0
1.292	1	8	130	3	11	18	967	0	0
1.293	1	4	130	4	1	16	903	0	0
1.294	1	7	130	5	2	16	903	0	0
1.295	1	7	130	6	2	16	903	0	0
1.296	1	10	130	7	9	16	903	0	0
1.297	1	4	130	8	1	14	775	0	0
1.298	1	9	130	9	3	18	967	0	0
1.299	1	9	130	10	3	18	967	0	0
1.3	1	9	131	1	3	18	967	0	0
1.301	1	9	131	2	3	18	967	0	0
1.302	1	7	131	3	2	16	903	0	0
1.303	1	7	131	4	2	16	903	0	0
1.304	1	9	131	5	3	18	967	0	0
1.305	1	9	131	6	3	18	967	0	0
1.306	1	8	131	7	11	18	967	0	0
1.307	1	10	131	8	9	14	775	0	0
1.308	1	9	131	9	3	20	1191	0	0
1.309	1	9	131	10	3	20	1191	0	0
1.31	1	7	132	1	2	18	967	0	0
1.311	1	7	132	2	2	18	967	0	0
1.312	1	7	132	3	2	18	967	0	0
1.313	1	7	132	4	2	18	967	0	0
1.314	1	10	132	5	9	16	903	0	0
1.315	1	10	132	6	9	16	903	0	0
1.316	1	7	132	7	2	16	903	0	0
1.317	1	6	132	8	12	18	967	0	0
1.318	1	9	132	9	3	18	967	0	0
1.319	1	9	132	10	3	18	967	0	0
1.32	1	6	133	1	12	18	967	0	0
1.321	1	10	133	2	9	16	903	0	0
1.322	1	10	133	3	9	16	903	0	0
1.323	1	3	133	4	15	16	903	0	0
1.324	1	5	133	5	4	16	903	0	0
1.325	1	5	133	6	4	16	903	0	0
1.326	1	5	133	7	4	18	967	0	0
1.327	1	5	133	8	4	18	967	0	0
1.328	1	9	133	9	3	18	967	0	0
1.329	1	9	133	10	3	18	967	0	0
1.33	1	10	134	1	9	16	903	0	0
1.331	1	10	134	2	9	18	967	0	0
1.332	1	5	134	3	4	18	967	0	0
1.333	1	5	134	4	4	18	967	0	0
1.334	1	7	134	5	2	16	903	0	0
1.335	1	8	134	6	11	20	1191	0	0
1.336	1	8	134	7	11	20	1191	0	0
1.337	1	8	134	8	11	18	967	0	0
1.338	1	9	134	9	3	18	967	0	0
1.339	1	9	134	10	3	18	967	0	0
1.34	1	10	135	1	9	16	903	0	0
1.341	1	10	135	2	9	16	903	0	0
1.342	1	10	135	3	9	16	903	0	0
1.343	1	10	135	4	9	16	903	0	0
1.344	1	10	135	5	9	16	903	0	0
1.345	1	10	135	6	9	16	903	0	0
1.346	1	10	135	7	9	16	903	0	0
1.347	1	10	135	8	9	18	967	0	0
1.348	1	9	135	9	3	18	967	0	0
1.349	1	9	135	10	3	18	967	0	0
1.35	1	9	136	1	3	20	1191	0	0
1.351	1	9	136	2	3	20	1191	0	0
1.352	1	4	136	3	1	16	903	0	0
1.353	1	4	136	4	1	16	903	0	0
1.354	1	7	136	5	2	16	903	0	0
1.355	1	7	136	6	2	16	903	0	0
1.356	1	7	136	7	2	18	967	0	0
1.357	1	7	136	8	2	18	967	0	0
1.358	1	9	136	9	3	18	967	0	0
1.359	1	9	136	10	3	18	967	0	0
1.36	1	7	137	1	2	18	967	0	0
1.361	1	7	137	2	2	18	967	0	0
1.362	1	7	137	3	2	18	967	0	0
1.363	1	7	137	4	2	18	967	0	0
1.364	1	9	137	5	3	16	903	0	0
1.365	1	9	137	6	3	16	903	0	0
1.366	1	9	137	7	3	18	967	0	0
1.367	1	9	137	8	3	18	967	0	0
1.368	1	9	137	9	3	20	1191	0	0
1.369	1	9	137	10	3	20	1191	0	0
1.37	1	7	138	1	2	16	903	0	0
1.371	1	7	138	2	2	16	903	0	0
1.372	1	7	138	3	2	16	903	0	0
1.373	1	7	138	4	2	16	903	0	0
1.374	1	9	138	5	3	20	1191	0	0
1.375	1	9	138	6	3	20	1191	0	0
1.376	1	9	138	7	3	16	903	0	0
1.377	1	9	138	8	3	16	903	0	0
1.378	1	7	138	9	2	14	775	0	0
1.379	1	7	138	10	2	14	775	0	0
1.38	1	7	139	1	2	16	903	0	0
1.381	1	7	139	2	2	16	903	0	0
1.382	1	7	139	3	2	18	967	0	0
1.383	1	7	139	4	2	18	967	0	0
1.384	1	9	139	5	3	16	903	0	0
1.385	1	9	139	6	3	16	903	0	0
1.386	1	10	139	7	9	16	903	0	0
1.387	1	10	139	8	9	18	967	0	0
1.388	1	10	139	9	9	18	967	0	0
1.389	1	10	139	10	9	18	967	0	0
1.39	1	10	140	1	9	18	967	0	0
1.391	1	8	140	2	11	18	967	0	0
1.392	1	8	140	3	11	18	967	0	0
1.393	1	10	140	4	9	16	903	0	0
1.394	1	10	140	5	9	16	903	0	0
1.395	1	8	140	6	11	18	967	0	0
1.396	1	8	140	7	11	18	967	0	0
1.397	1	7	140	8	2	16	903	0	0
1.398	1	7	140	9	2	16	903	0	0
1.399	1	7	140	10	2	16	903	0	0
1.4	1	9	141	1	3	16	903	0	0
1.401	1	9	141	2	3	16	903	0	0
1.402	1	9	141	3	3	16	903	0	0
1.403	1	9	141	4	3	16	903	0	0
1.404	1	6	141	5	12	16	903	0	0
1.405	1	10	141	6	9	16	903	0	0
1.406	1	9	141	7	3	16	903	0	0
1.407	1	9	141	8	3	16	903	0	0
1.408	1	5	141	9	4	16	903	0	0
1.409	1	5	141	10	4	16	903	0	0
1.41	1	9	142	1	3	16	903	0	0
1.411	1	9	142	2	3	16	903	0	0
1.412	1	9	142	3	3	18	967	0	0
1.413	1	9	142	4	3	18	967	0	0
1.414	1	9	142	5	3	18	967	0	0
1.415	1	9	142	6	3	18	967	0	0
1.416	1	9	142	7	3	20	1191	0	0
1.417	1	9	142	8	3	20	1191	0	0
1.418	1	7	142	9	2	16	903	0	0
1.419	1	7	142	10	2	16	903	0	0
1.42	1	9	143	1	3	16	903	0	0
1.421	1	9	143	2	3	16	903	0	0
1.422	1	9	143	3	3	16	903	0	0
1.423	1	9	143	4	3	16	903	0	0
1.424	1	7	143	5	2	16	903	0	0
1.425	1	7	143	6	2	16	903	0	0
1.426	1	6	143	7	12	16	903	0	0
1.427	1	8	143	8	11	16	903	0	0
1.428	1	8	143	9	11	16	903	0	0
1.429	1	4	143	10	1	14	775	0	0
1.43	1	7	144	1	2	14	775	0	0
1.431	1	6	144	2	12	18	967	0	0
1.432	1	6	144	3	12	18	967	0	0
1.433	1	8	144	4	11	18	967	0	0
1.434	1	9	144	5	3	18	967	0	0
1.435	1	8	144	6	11	20	1191	0	0
1.436	1	8	144	7	11	20	1191	0	0
1.437	1	9	144	8	3	18	967	0	0
1.438	1	9	144	9	3	16	903	0	0
1.439	1	9	144	10	3	16	903	0	0
1.44	1	3	145	1	15	16	903	0	0
1.441	1	10	145	2	9	20	1191	0	0
1.442	1	10	145	3	9	20	1191	0	0
1.443	1	10	145	4	9	20	1191	0	0
1.444	1	10	145	5	9	20	1191	0	0
1.445	1	8	145	6	11	18	967	0	0
1.446	1	8	145	7	11	18	967	0	0
1.447	1	10	145	8	9	20	1191	0	0
1.448	1	10	145	9	9	20	1191	0	0
1.449	1	10	145	10	9	20	1191	0	0
1.45	1	9	146	1	3	20	1191	0	0
1.451	1	9	146	2	3	20	1191	0	0
1.452	1	9	146	3	3	20	1191	0	0
1.453	1	9	146	4	3	20	1191	0	0
1.454	1	8	146	5	11	18	967	0	0
1.455	1	8	146	6	11	18	967	0	0
1.456	1	9	146	7	3	18	967	0	0
1.457	1	9	146	8	3	18	967	0	0
1.458	1	9	146	9	3	18	967	0	0
1.459	1	9	146	10	3	18	967	0	0
1.46	1	7	147	1	2	18	967	0	0
1.461	1	7	147	2	2	18	967	0	0
1.462	1	7	147	3	2	18	967	0	0
1.463	1	7	147	4	2	18	967	0	0
1.464	1	9	147	5	3	18	967	0	0
1.465	1	9	147	6	3	18	967	0	0
1.466	1	9	147	7	3	18	967	0	0
1.467	1	9	147	8	3	18	967	0	0
1.468	1	7	147	9	2	18	967	0	0
1.469	1	7	147	10	2	18	967	0	0
1.47	1	7	148	1	2	16	903	0	0
1.471	1	7	148	2	2	16	903	0	0
1.472	1	7	148	3	2	18	967	0	0
1.473	1	7	148	4	2	18	967	0	0
1.474	1	7	148	5	2	18	967	0	0
1.475	1	7	148	6	2	18	967	0	0
1.476	1	8	148	7	11	16	903	0	0
1.477	1	4	148	8	1	14	775	0	0
1.478	1	7	148	9	2	14	775	0	0
1.479	1	10	148	10	9	18	967	0	0
1.48	1	10	149	1	9	18	967	0	0
1.481	1	10	149	2	9	18	967	0	0
1.482	1	10	149	3	9	18	967	0	0
1.483	1	6	149	4	12	18	967	0	0
1.484	1	6	149	5	12	18	967	0	0
1.485	1	7	149	6	2	16	903	0	0
1.486	1	9	149	7	3	18	967	0	0
1.487	1	9	149	8	3	18	967	0	0
1.488	1	9	149	9	3	16	903	0	0
1.489	1	9	149	10	3	16	903	0	0
1.49	1	7	150	1	2	18	967	0	0
1.491	1	7	150	2	2	18	967	0	0
1.492	1	9	150	3	3	18	967	0	0
1.493	1	9	150	4	3	18	967	0	0
1.494	1	5	150	5	4	18	967	0	0
1.495	1	5	150	6	4	18	967	0	0
1.496	1	4	150	7	1	14	775	0	0
1.497	1	4	150	8	1	14	775	0	0
1.498	1	9	150	9	3	18	967	0	0
1.499	1	9	150	10	3	18	967	0	0
1.5	1	5	151	1	4	18	967	0	0
1.501	1	5	151	2	4	18	967	0	0
1.502	1	5	151	3	4	16	903	0	0
1.503	1	5	151	4	4	16	903	0	0
1.504	1	7	151	5	2	16	903	0	0
1.505	1	10	151	6	9	18	967	0	0
1.506	1	10	151	7	9	18	967	0	0
1.507	1	10	151	8	9	18	967	0	0
1.508	1	10	151	9	9	18	967	0	0
1.509	1	10	151	10	9	16	903	0	0
1.51	1	5	152	1	4	16	903	0	0
1.511	1	5	152	2	4	16	903	0	0
1.512	1	9	152	3	3	16	903	0	0
1.513	1	10	152	4	9	20	1191	0	0
1.514	1	10	152	5	9	20	1191	0	0
1.515	1	10	152	6	9	22	1383	0	0
1.516	1	10	152	7	9	22	1383	0	0
1.517	1	9	152	8	3	18	967	0	0
1.518	1	7	152	9	2	18	967	0	0
1.519	1	7	152	10	2	18	967	0	0
1.52	1	7	153	1	2	18	967	0	0
1.521	1	7	153	2	2	18	967	0	0
1.522	1	9	153	3	3	16	903	0	0
1.523	1	9	153	4	3	16	903	0	0
1.524	1	4	153	5	1	16	903	0	0
1.525	1	4	153	6	1	16	903	0	0
1.526	1	7	153	7	2	16	903	0	0
1.527	1	10	153	8	9	18	967	0	0
1.528	1	10	153	9	9	18	967	0	0
1.529	1	7	153	10	2	16	903	0	0
1.53	1	9	154	1	3	16	903	0	0
1.531	1	9	154	2	3	16	903	0	0
1.532	1	10	154	3	9	16	903	0	0
1.533	1	10	154	4	9	16	903	0	0
1.534	1	9	154	5	3	18	967	0	0
1.535	1	9	154	6	3	18	967	0	0
1.536	1	9	154	7	3	18	967	0	0
1.537	1	9	154	8	3	18	967	0	0
1.538	1	8	154	9	11	16	903	0	0
1.539	1	6	154	10	12	18	967	0	0
1.54	1	6	155	1	12	18	967	0	0
1.541	1	5	155	2	4	16	903	0	0
1.542	1	9	155	3	3	16	903	0	0
1.543	1	10	155	4	9	18	967	0	0
1.544	1	4	155	5	1	18	967	0	0
1.545	1	4	155	6	1	18	967	0	0
1.546	1	9	155	7	3	18	967	0	0
1.547	1	9	155	8	3	18	967	0	0
1.548	1	9	155	9	3	16	903	0	0
1.549	1	9	155	10	3	16	903	0	0
1.55	1	7	156	1	2	14	775	0	0
1.551	1	6	156	2	12	16	903	0	0
1.552	1	9	156	3	3	16	903	0	0
1.553	1	8	156	4	11	20	1191	0	0
1.554	1	8	156	5	11	20	1191	0	0
1.555	1	10	156	6	9	18	967	0	0
1.556	1	10	156	7	9	18	967	0	0
1.557	1	10	156	8	9	18	967	0	0
1.558	1	10	156	9	9	18	967	0	0
1.559	1	5	156	10	4	16	903	0	0
1.56	1	9	157	1	3	16	903	0	0
1.561	1	9	157	2	3	16	903	0	0
1.562	1	9	157	3	3	18	967	0	0
1.563	1	9	157	4	3	18	967	0	0
1.564	1	7	157	5	2	16	903	0	0
1.565	1	7	157	6	2	16	903	0	0
1.566	1	7	157	7	2	16	903	0	0
1.567	1	7	157	8	2	16	903	0	0
1.568	1	5	157	9	4	18	967	0	0
1.569	1	5	157	10	4	18	967	0	0
1.57	1	10	158	1	9	18	967	0	0
1.571	1	10	158	2	9	16	903	0	0
1.572	1	10	158	3	9	16	903	0	0
1.573	1	8	158	4	11	16	903	0	0
1.574	1	7	158	5	2	16	903	0	0
1.575	1	8	158	6	11	20	1191	0	0
1.576	1	8	158	7	11	20	1191	0	0
1.577	1	7	158	8	2	18	967	0	0
1.578	1	7	158	9	2	16	903	0	0
1.579	1	10	158	10	9	18	967	0	0
1.58	1	9	159	1	3	18	967	0	0
1.581	1	9	159	2	3	18	967	0	0
1.582	1	9	159	3	3	18	967	0	0
1.583	1	9	159	4	3	18	967	0	0
1.584	1	7	159	5	2	16	903	0	0
1.585	1	7	159	6	2	16	903	0	0
1.586	1	10	159	7	9	16	903	0	0
1.587	1	10	159	8	9	16	903	0	0
1.588	1	10	159	9	9	16	903	0	0
1.589	1	6	159	10	12	20	1191	0	0
1.59	1	6	160	1	12	20	1191	0	0
1.591	1	6	160	2	12	16	903	0	0
1.592	1	6	160	3	12	16	903	0	0
1.593	1	7	160	4	2	14	775	0	0
1.594	1	9	160	5	3	16	903	0	0
1.595	1	9	160	6	3	16	903	0	0
1.596	1	7	160	7	2	16	903	0	0
1.597	1	7	160	8	2	16	903	0	0
1.598	1	5	160	9	4	16	903	0	0
1.599	1	10	160	10	9	18	967	0	0
1.6	1	5	161	1	4	18	967	0	0
1.601	1	5	161	2	4	18	967	0	0
1.602	1	7	161	3	2	18	967	0	0
1.603	1	7	161	4	2	18	967	0	0
1.604	1	9	161	5	3	16	903	0	0
1.605	1	10	161	6	9	20	1191	0	0
1.606	1	10	161	7	9	20	1191	0	0
1.607	1	7	161	8	2	16	903	0	0
1.608	1	6	161	9	12	16	903	0	0
1.609	1	10	161	10	9	16	903	0	0
1.61	1	10	162	1	9	16	903	0	0
1.611	1	10	162	2	9	16	903	0	0
1.612	1	9	162	3	3	16	903	0	0
1.613	1	10	162	4	9	18	967	0	0
1.614	1	10	162	5	9	18	967	0	0
1.615	1	6	162	6	12	18	967	0	0
1.616	1	6	162	7	12	18	967	0	0
1.617	1	10	162	8	9	16	903	0	0
1.618	1	10	162	9	9	16	903	0	0
1.619	1	8	162	10	11	18	967	0	0
1.62	1	8	163	1	11	18	967	0	0
1.621	1	8	163	2	11	18	967	0	0
1.622	1	8	163	3	11	18	967	0	0
1.623	1	10	163	4	9	18	967	0	0
1.624	1	10	163	5	9	18	967	0	0
1.625	1	8	163	6	11	20	1191	0	0
1.626	1	8	163	7	11	20	1191	0	0
1.627	1	10	163	8	9	20	1191	0	0
1.628	1	10	163	9	9	20	1191	0	0
1.629	1	9	163	10	3	14	775	0	0
1.63	1	7	164	1	2	16	903	0	0
1.631	1	7	164	2	2	16	903	0	0
1.632	1	9	164	3	3	18	967	0	0
1.633	1	9	164	4	3	18	967	0	0
1.634	1	9	164	5	3	18	967	0	0
1.635	1	9	164	6	3	18	967	0	0
1.636	1	8	164	7	11	18	967	0	0
1.637	1	4	164	8	1	16	903	0	0
1.638	1	4	164	9	1	16	903	0	0
1.639	1	4	164	10	1	16	903	0	0
1.64	1	9	165	1	3	16	903	0	0
1.641	1	10	165	2	9	18	967	0	0
1.642	1	10	165	3	9	18	967	0	0
1.643	1	8	165	4	11	16	903	0	0
1.644	1	9	165	5	3	18	967	0	0
1.645	1	9	165	6	3	18	967	0	0
1.646	1	9	165	7	3	20	1191	0	0
1.647	1	9	165	8	3	20	1191	0	0
1.648	1	9	165	9	3	18	967	0	0
1.649	1	9	165	10	3	18	967	0	0
1.65	1	7	166	1	2	18	967	0	0
1.651	1	7	166	2	2	18	967	0	0
1.652	1	7	166	3	2	18	967	0	0
1.653	1	7	166	4	2	18	967	0	0
1.654	1	10	166	5	9	16	903	0	0
1.655	1	8	166	6	11	16	903	0	0
1.656	1	7	166	7	2	18	967	0	0
1.657	1	7	166	8	2	18	967	0	0
1.658	1	9	166	9	3	16	903	0	0
1.659	1	10	166	10	9	18	967	0	0
1.66	1	10	167	1	9	18	967	0	0
1.661	1	10	167	2	9	18	967	0	0
1.662	1	9	167	3	3	18	967	0	0
1.663	1	9	167	4	3	18	967	0	0
1.664	1	10	167	5	9	18	967	0	0
1.665	1	9	167	6	3	16	903	0	0
1.666	1	9	167	7	3	16	903	0	0
1.667	1	9	167	8	3	16	903	0	0
1.668	1	9	167	9	3	16	903	0	0
1.669	1	9	167	10	3	16	903	0	0
1.67	1	9	168	1	3	18	967	0	0
1.671	1	9	168	2	3	18	967	0	0
1.672	1	9	168	3	3	14	775	0	0
1.673	1	10	168	4	9	16	903	0	0
1.674	1	10	168	5	9	16	903	0	0
1.675	1	10	168	6	9	16	903	0	0
1.676	1	9	168	7	3	18	967	0	0
1.677	1	9	168	8	3	18	967	0	0
1.678	1	9	168	9	3	16	903	0	0
1.679	1	10	168	10	9	18	967	0	0
1.68	1	10	169	1	9	18	967	0	0
1.681	1	10	169	2	9	18	967	0	0
1.682	1	10	169	3	9	18	967	0	0
1.683	1	7	169	4	2	16	903	0	0
1.684	1	7	169	5	2	16	903	0	0
1.685	1	10	169	6	9	20	1191	0	0
1.686	1	10	169	7	9	20	1191	0	0
1.687	1	5	169	8	4	16	903	0	0
1.688	1	9	169	9	3	18	967	0	0
1.689	1	9	169	10	3	18	967	0	0
1.69	1	9	170	1	3	18	967	0	0
1.691	1	9	170	2	3	18	967	0	0
1.692	1	10	170	3	9	18	967	0	0
1.693	1	6	170	4	12	18	967	0	0
1.694	1	6	170	5	12	18	967	0	0
1.695	1	10	170	6	9	20	1191	0	0
1.696	1	10	170	7	9	20	1191	0	0
1.697	1	9	170	8	3	18	967	0	0
1.698	1	9	170	9	3	18	967	0	0
1.699	1	9	170	10	3	18	967	0	0
1.7	1	9	171	1	3	18	967	0	0
1.701	1	9	171	2	3	18	967	0	0
1.702	1	10	171	3	9	18	967	0	0
1.703	1	10	171	4	9	16	903	0	0
1.704	1	10	171	5	9	16	903	0	0
1.705	1	6	171	6	12	18	967	0	0
1.706	1	6	171	7	12	18	967	0	0
1.707	1	9	171	8	3	16	903	0	0
1.708	1	10	171	9	9	16	903	0	0
1.709	1	10	171	10	9	20	1191	0	0
1.71	1	10	172	1	9	20	1191	0	0
1.711	1	9	172	2	3	16	903	0	0
1.712	1	9	172	3	3	18	967	0	0
1.713	1	9	172	4	3	18	967	0	0
1.714	1	9	172	5	3	16	903	0	0
1.715	1	10	172	6	9	18	967	0	0
1.716	1	9	172	7	3	18	967	0	0
1.717	1	9	172	8	3	18	967	0	0
1.718	1	9	172	9	3	18	967	0	0
1.719	1	9	172	10	3	18	967	0	0
1.72	1	9	173	1	3	16	903	0	0
1.721	1	9	173	2	3	16	903	0	0
1.722	1	10	173	3	9	16	903	0	0
1.723	1	8	173	4	11	20	1191	0	0
1.724	1	8	173	5	11	20	1191	0	0
1.725	1	8	173	6	11	18	967	0	0
1.726	1	8	173	7	11	18	967	0	0
1.727	1	8	173	8	11	18	967	0	0
1.728	1	8	173	9	11	18	967	0	0
1.729	1	3	173	10	15	16	903	0	0
1.73	1	3	174	1	15	16	903	0	0
1.731	1	8	174	2	11	18	967	0	0
1.732	1	9	174	3	3	18	967	0	0
1.733	1	9	174	4	3	18	967	0	0
1.734	1	8	174	5	11	18	967	0	0
1.735	1	9	174	6	3	16	903	0	0
1.736	1	9	174	7	3	16	903	0	0
1.737	1	8	174	8	11	20	1191	0	0
1.738	1	8	174	9	11	20	1191	0	0
1.739	1	7	174	10	2	18	967	0	0
1.74	1	8	175	1	11	18	967	0	0
1.741	1	7	175	2	2	16	903	0	0
1.742	1	4	175	3	1	16	903	0	0
1.743	1	4	175	4	1	16	903	0	0
1.744	1	7	175	5	2	18	967	0	0
1.745	1	7	175	6	2	18	967	0	0
1.746	1	9	175	7	3	18	967	0	0
1.747	1	9	175	8	3	18	967	0	0
1.748	1	9	175	9	3	16	903	0	0
1.749	1	10	175	10	9	18	967	0	0
1.75	1	10	176	1	9	18	967	0	0
1.751	1	6	176	2	12	18	967	0	0
1.752	1	9	176	3	3	18	967	0	0
1.753	1	9	176	4	3	18	967	0	0
1.754	1	8	176	5	11	16	903	0	0
1.755	1	8	176	6	11	16	903	0	0
1.756	1	9	176	7	3	18	967	0	0
1.757	1	9	176	8	3	18	967	0	0
1.758	1	9	176	9	3	16	903	0	0
1.759	1	9	176	10	3	16	903	0	0
1.76	1	8	177	1	11	16	903	0	0
1.761	1	6	177	2	12	16	903	0	0
1.762	1	9	177	3	3	16	903	0	0
1.763	1	9	177	4	3	16	903	0	0
1.764	1	9	177	5	3	16	903	0	0
1.765	1	9	177	6	3	16	903	0	0
1.766	1	7	177	7	2	16	903	0	0
1.767	1	7	177	8	2	16	903	0	0
1.768	1	9	177	9	3	20	1191	0	0
1.769	1	9	177	10	3	20	1191	0	0
1.77	1	9	178	1	3	18	967	0	0
1.771	1	9	178	2	3	18	967	0	0
1.772	1	9	178	3	3	18	967	0	0
1.773	1	9	178	4	3	18	967	0	0
1.774	1	10	178	5	9	18	967	0	0
1.775	1	10	178	6	9	18	967	0	0
1.776	1	9	178	7	3	18	967	0	0
1.777	1	9	178	8	3	18	967	0	0
1.778	1	9	178	9	3	18	967	0	0
1.779	1	9	178	10	3	18	967	0	0
1.78	1	6	179	1	12	18	967	0	0
1.781	1	7	179	2	2	14	775	0	0
1.782	1	10	179	3	9	14	775	0	0
1.783	1	10	179	4	9	20	1191	0	0
1.784	1	10	179	5	9	20	1191	0	0
1.785	1	10	179	6	9	20	1191	0	0
1.786	1	10	179	7	9	20	1191	0	0
1.787	1	9	179	8	3	16	903	0	0
1.788	1	7	179	9	2	14	775	0	0
1.789	1	7	179	10	2	14	775	0	0
1.79	1	9	180	1	3	16	903	0	0
1.791	1	9	180	2	3	16	903	0	0
1.792	1	7	180	3	2	16	903	0	0
1.793	1	7	180	4	2	16	903	0	0
1.794	1	7	180	5	2	16	903	0	0
1.795	1	8	180	6	11	18	967	0	0
1.796	1	8	180	7	11	18	967	0	0
1.797	1	10	180	8	9	18	967	0	0
1.798	1	7	180	9	2	18	967	0	0
1.799	1	7	180	10	2	18	967	0	0
1.8	1	10	181	1	9	16	903	0	0
1.801	1	4	181	2	1	14	775	0	0
1.802	1	4	181	3	1	14	775	0	0
1.803	1	8	181	4	11	16	903	0	0
1.804	1	7	181	5	2	16	903	0	0
1.805	1	7	181	6	2	16	903	0	0
1.806	1	9	181	7	3	18	967	0	0
1.807	1	9	181	8	3	18	967	0	0
1.808	1	9	181	9	3	18	967	0	0
1.809	1	9	181	10	3	18	967	0	0
1.81	1	7	182	1	2	18	967	0	0
1.811	1	7	182	2	2	18	967	0	0
1.812	1	4	182	3	1	16	903	0	0
1.813	1	4	182	4	1	16	903	0	0
1.814	1	9	182	5	3	18	967	0	0
1.815	1	9	182	6	3	18	967	0	0
1.816	1	9	182	7	3	18	967	0	0
1.817	1	9	182	8	3	18	967	0	0
1.818	1	7	182	9	2	18	967	0	0
1.819	1	7	182	10	2	18	967	0	0
1.82	1	7	183	1	2	18	967	0	0
1.821	1	7	183	2	2	18	967	0	0
1.822	1	7	183	3	2	16	903	0	0
1.823	1	6	183	4	12	18	967	0	0
1.824	1	9	183	5	3	18	967	0	0
1.825	1	9	183	6	3	18	967	0	0
1.826	1	9	183	7	3	18	967	0	0
1.827	1	9	183	8	3	18	967	0	0
1.828	1	10	183	9	9	18	967	0	0
1.829	1	10	183	10	9	20	1191	0	0
1.83	1	10	184	1	9	20	1191	0	0
1.831	1	5	184	2	4	16	903	0	0
1.832	1	10	184	3	9	16	903	0	0
1.833	1	8	184	4	11	18	967	0	0
1.834	1	9	184	5	3	18	967	0	0
1.835	1	10	184	6	9	22	1383	0	0
1.836	1	10	184	7	9	22	1383	0	0
1.837	1	10	184	8	9	18	967	0	0
1.838	1	10	184	9	9	18	967	0	0
1.839	1	7	184	10	2	16	903	0	0
1.84	1	9	185	1	3	18	967	0	0
1.841	1	9	185	2	3	18	967	0	0
1.842	1	10	185	3	9	18	967	0	0
1.843	1	10	185	4	9	18	967	0	0
1.844	1	7	185	5	2	18	967	0	0
1.845	1	7	185	6	2	18	967	0	0
1.846	1	10	185	7	9	18	967	0	0
1.847	1	8	185	8	11	20	1191	0	0
1.848	1	8	185	9	11	20	1191	0	0
1.849	1	10	185	10	9	20	1191	0	0
1.85	1	10	186	1	9	20	1191	0	0
1.851	1	7	186	2	2	16	903	0	0
1.852	1	9	186	3	3	16	903	0	0
1.853	1	9	186	4	3	16	903	0	0
1.854	1	9	186	5	3	16	903	0	0
1.855	1	9	186	6	3	16	903	0	0
1.856	1	7	186	7	2	16	903	0	0
1.857	1	7	186	8	2	16	903	0	0
1.858	1	10	186	9	9	16	903	0	0
1.859	1	4	186	10	1	14	775	0	0
1.86	1	7	187	1	2	16	903	0	0
1.861	1	7	187	2	2	16	903	0	0
1.862	1	7	187	3	2	18	967	0	0
1.863	1	7	187	4	2	18	967	0	0
1.864	1	7	187	5	2	18	967	0	0
1.865	1	7	187	6	2	18	967	0	0
1.866	1	9	187	7	3	20	1191	0	0
1.867	1	9	187	8	3	20	1191	0	0
1.868	1	9	187	9	3	16	903	0	0
1.869	1	9	187	10	3	16	903	0	0
1.87	1	5	188	1	4	16	903	0	0
1.871	1	10	188	2	9	18	967	0	0
1.872	1	10	188	3	9	18	967	0	0
1.873	1	5	188	4	4	16	903	0	0
1.874	1	4	188	5	1	18	967	0	0
1.875	1	4	188	6	1	18	967	0	0
1.876	1	4	188	7	1	14	775	0	0
1.877	1	4	188	8	1	14	775	0	0
1.878	1	10	188	9	9	14	775	0	0
1.879	1	10	188	10	9	14	775	0	0
1.88	1	9	189	1	3	16	903	0	0
1.881	1	9	189	2	3	16	903	0	0
1.882	1	9	189	3	3	16	903	0	0
1.883	1	9	189	4	3	16	903	0	0
1.884	1	10	189	5	9	16	903	0	0
1.885	1	7	189	6	2	14	775	0	0
1.886	1	7	189	7	2	16	903	0	0
1.887	1	7	189	8	2	16	903	0	0
1.888	1	7	189	9	2	16	903	0	0
1.889	1	7	189	10	2	16	903	0	0
1.89	1	7	190	1	2	16	903	0	0
1.891	1	7	190	2	2	16	903	0	0
1.892	1	5	190	3	4	16	903	0	0
1.893	1	5	190	4	4	16	903	0	0
1.894	1	5	190	5	4	16	903	0	0
1.895	1	5	190	6	4	16	903	0	0
1.896	1	7	190	7	2	18	967	0	0
1.897	1	7	190	8	2	18	967	0	0
1.898	1	10	190	9	9	18	967	0	0
1.899	1	5	190	10	4	16	903	0	0
1.9	1	10	191	1	9	16	903	0	0
1.901	1	6	191	2	12	14	775	0	0
1.902	1	4	191	3	1	14	775	0	0
1.903	1	6	191	4	12	16	903	0	0
1.904	1	4	191	5	1	16	903	0	0
1.905	1	4	191	6	1	16	903	0	0
1.906	1	7	191	7	2	18	967	0	0
1.907	1	7	191	8	2	18	967	0	0
1.908	1	7	191	9	2	16	903	0	0
1.909	1	6	191	10	12	18	967	0	0
1.91	1	6	192	1	12	18	967	0	0
1.911	1	6	192	2	12	18	967	0	0
1.912	1	6	192	3	12	18	967	0	0
1.913	1	10	192	4	9	18	967	0	0
1.914	1	10	192	5	9	18	967	0	0
1.915	1	7	192	6	2	16	903	0	0
1.916	1	7	192	7	2	16	903	0	0
1.917	1	7	192	8	2	16	903	0	0
1.918	1	7	192	9	2	16	903	0	0
1.919	1	7	192	10	2	16	903	0	0
1.92	1	7	193	1	2	18	967	0	0
1.921	1	7	193	2	2	18	967	0	0
1.922	1	7	193	3	2	18	967	0	0
1.923	1	7	193	4	2	18	967	0	0
1.924	1	10	193	5	9	16	903	0	0
1.925	1	10	193	6	9	18	967	0	0
1.926	1	10	193	7	9	18	967	0	0
1.927	1	8	193	8	11	18	967	0	0
1.928	1	5	193	9	4	20	1191	0	0
1.929	1	5	193	10	4	20	1191	0	0
1.93	1	5	194	1	4	18	967	0	0
1.931	1	5	194	2	4	18	967	0	0
1.932	1	9	194	3	3	16	903	0	0
1.933	1	9	194	4	3	16	903	0	0
1.934	1	9	194	5	3	16	903	0	0
1.935	1	10	194	6	9	18	967	0	0
1.936	1	10	194	7	9	18	967	0	0
1.937	1	8	194	8	11	16	903	0	0
1.938	1	5	194	9	4	16	903	0	0
1.939	1	5	194	10	4	16	903	0	0
1.94	1	6	195	1	12	16	903	0	0
1.941	1	7	195	2	2	14	775	0	0
1.942	1	7	195	3	2	14	775	0	0
1.943	1	6	195	4	12	16	903	0	0
1.944	1	7	195	5	2	18	967	0	0
1.945	1	7	195	6	2	18	967	0	0
1.946	1	7	195	7	2	16	903	0	0
1.947	1	10	195	8	9	18	967	0	0
1.948	1	10	195	9	9	18	967	0	0
1.949	1	10	195	10	9	22	1383	0	0
1.95	1	10	196	1	9	22	1383	0	0
1.951	1	9	196	2	3	18	967	0	0
1.952	1	9	196	3	3	18	967	0	0
1.953	1	9	196	4	3	18	967	0	0
1.954	1	6	196	5	12	18	967	0	0
1.955	1	10	196	6	9	18	967	0	0
1.956	1	10	196	7	9	18	967	0	0
1.957	1	10	196	8	9	20	1191	0	0
1.958	1	10	196	9	9	20	1191	0	0
1.959	1	10	196	10	9	20	1191	0	0
1.96	1	10	197	1	9	20	1191	0	0
1.961	1	7	197	2	2	16	903	0	0
1.962	1	10	197	3	9	14	775	0	0
1.963	1	10	197	4	9	16	903	0	0
1.964	1	9	197	5	3	16	903	0	0
1.965	1	10	197	6	9	18	967	0	0
1.966	1	10	197	7	9	18	967	0	0
1.967	1	10	197	8	9	16	903	0	0
1.968	1	5	197	9	4	16	903	0	0
1.969	1	10	197	10	9	18	967	0	0
1.97	1	9	198	1	3	18	967	0	0
1.971	1	9	198	2	3	18	967	0	0
1.972	1	10	198	3	9	18	967	0	0
1.973	1	8	198	4	11	18	967	0	0
1.974	1	8	198	5	11	18	967	0	0
1.975	1	10	198	6	9	18	967	0	0
1.976	1	10	198	7	9	18	967	0	0
1.977	1	10	198	8	9	18	967	0	0
1.978	1	9	198	9	3	18	967	0	0
1.979	1	9	198	10	3	18	967	0	0
1.98	1	10	199	1	9	18	967	0	0
1.981	1	10	199	2	9	20	1191	0	0
1.982	1	10	199	3	9	20	1191	0	0
1.983	1	7	199	4	2	16	903	0	0
1.984	1	7	199	5	2	14	775	0	0
1.985	1	10	199	6	9	18	967	0	0
1.986	1	7	199	7	2	18	967	0	0
1.987	1	7	199	8	2	18	967	0	0
1.988	1	10	199	9	9	18	967	0	0
1.989	1	7	199	10	2	16	903	0	0
1.99	1	8	200	1	11	16	903	0	0
1.991	1	10	200	2	9	18	967	0	0
1.992	1	10	200	3	9	18	967	0	0
1.993	1	10	200	4	9	16	903	0	0
1.994	1	9	200	5	3	16	903	0	0
1.995	1	10	200	6	9	18	967	0	0
1.996	1	10	200	7	9	18	967	0	0
1.997	1	10	200	8	9	20	1191	0	0
1.998	1	10	200	9	9	20	1191	0	0
1.999	1	9	200	10	3	18	967	0	0
2	1	9	201	1	3	16	903	0	0
2.001	1	8	201	2	11	20	1191	0	0
2.002	1	8	201	3	11	20	1191	0	0
2.003	1	8	201	4	11	20	1191	0	0
2.004	1	8	201	5	11	20	1191	0	0
2.005	1	10	201	6	9	18	967	0	0
2.006	1	10	201	7	9	18	967	0	0
2.007	1	10	201	8	9	16	903	0	0
2.008	1	10	201	9	9	16	903	0	0
2.009	1	8	201	10	11	16	903	0	0
2.01	1	9	202	1	3	16	903	0	0
2.011	1	10	202	2	9	20	1191	0	0
2.012	1	10	202	3	9	20	1191	0	0
2.013	1	10	202	4	9	18	967	0	0
2.014	1	10	202	5	9	18	967	0	0
2.015	1	6	202	6	12	16	903	0	0
2.016	1	7	202	7	2	16	903	0	0
2.017	1	8	202	8	11	18	967	0	0
2.018	1	8	202	9	11	18	967	0	0
2.019	1	7	202	10	2	14	775	0	0
2.02	1	9	203	1	3	16	903	0	0
2.021	1	9	203	2	3	16	903	0	0
2.022	1	10	203	3	9	16	903	0	0
2.023	1	8	203	4	11	16	903	0	0
2.024	1	9	203	5	3	16	903	0	0
2.025	1	10	203	6	9	18	967	0	0
2.026	1	9	203	7	3	18	967	0	0
2.027	1	9	203	8	3	18	967	0	0
2.028	1	9	203	9	3	16	903	0	0
2.029	1	6	203	10	12	18	967	0	0
2.03	1	6	204	1	12	18	967	0	0
2.031	1	7	204	2	2	16	903	0	0
2.032	1	7	204	3	2	18	967	0	0
2.033	1	7	204	4	2	18	967	0	0
2.034	1	5	204	5	4	16	903	0	0
2.035	1	5	204	6	4	16	903	0	0
2.036	1	9	204	7	3	16	903	0	0
2.037	1	8	204	8	11	18	967	0	0
2.038	1	8	204	9	11	18	967	0	0
2.039	1	8	204	10	11	18	967	0	0
2.04	1	8	205	1	11	18	967	0	0
2.041	1	9	205	2	3	16	903	0	0
2.042	1	9	205	3	3	20	1191	0	0
2.043	1	9	205	4	3	20	1191	0	0
2.044	1	7	205	5	2	16	903	0	0
2.045	1	7	205	6	2	16	903	0	0
2.046	1	10	205	7	9	16	903	0	0
2.047	1	10	205	8	9	16	903	0	0
2.048	1	10	205	9	9	16	903	0	0
2.049	1	7	205	10	2	14	775	0	0
2.05	1	9	206	1	3	16	903	0	0
2.051	1	9	206	2	3	16	903	0	0
2.052	1	7	206	3	2	14	775	0	0
2.053	1	8	206	4	11	16	903	0	0
2.054	1	7	206	5	2	18	967	0	0
2.055	1	7	206	6	2	18	967	0	0
2.056	1	7	206	7	2	18	967	0	0
2.057	1	7	206	8	2	18	967	0	0
2.058	1	7	206	9	2	18	967	0	0
2.059	1	7	206	10	2	18	967	0	0
2.06	1	8	207	1	11	18	967	0	0
2.061	1	10	207	2	9	18	967	0	0
2.062	1	7	207	3	2	18	967	0	0
2.063	1	7	207	4	2	18	967	0	0
2.064	1	7	207	5	2	20	1191	0	0
2.065	1	7	207	6	2	20	1191	0	0
2.066	1	7	207	7	2	16	903	0	0
2.067	1	7	207	8	2	16	903	0	0
2.068	1	7	207	9	2	14	775	0	0
2.069	1	7	207	10	2	14	775	0	0
2.07	1	7	208	1	2	16	903	0	0
2.071	1	7	208	2	2	16	903	0	0
2.072	1	9	208	3	3	16	903	0	0
2.073	1	9	208	4	3	16	903	0	0
2.074	1	9	208	5	3	20	1191	0	0
2.075	1	9	208	6	3	20	1191	0	0
2.076	1	9	208	7	3	16	903	0	0
2.077	1	9	208	8	3	16	903	0	0
2.078	1	9	208	9	3	16	903	0	0
2.079	1	9	208	10	3	16	903	0	0
2.08	1	9	209	1	3	16	903	0	0
2.081	1	9	209	2	3	16	903	0	0
2.082	1	10	209	3	9	16	903	0	0
2.083	1	8	209	4	11	18	967	0	0
2.084	1	9	209	5	3	18	967	0	0
2.085	1	10	209	6	9	20	1191	0	0
2.086	1	10	209	7	9	20	1191	0	0
2.087	1	10	209	8	9	20	1191	0	0
2.088	1	10	209	9	9	20	1191	0	0
2.089	1	9	209	10	3	18	967	0	0
2.09	1	8	210	1	11	18	967	0	0
2.091	1	10	210	2	9	18	967	0	0
2.092	1	10	210	3	9	18	967	0	0
2.093	1	8	210	4	11	18	967	0	0
2.094	1	8	210	5	11	18	967	0	0
2.095	1	9	210	6	3	16	903	0	0
2.096	1	9	210	7	3	20	1191	0	0
2.097	1	9	210	8	3	20	1191	0	0
2.098	1	9	210	9	3	20	1191	0	0
2.099	1	9	210	10	3	20	1191	0	0
2.1	1	10	211	1	9	18	967	0	0
2.101	1	5	211	2	4	16	903	0	0
2.102	1	10	211	3	9	16	903	0	0
2.103	1	7	211	4	2	14	775	0	0
2.104	1	10	211	5	9	14	775	0	0
2.105	1	8	211	6	11	18	967	0	0
2.106	1	9	211	7	3	18	967	0	0
2.107	1	9	211	8	3	18	967	0	0
2.108	1	9	211	9	3	20	1191	0	0
2.109	1	9	211	10	3	20	1191	0	0
2.11	1	6	212	1	12	18	967	0	0
2.111	1	7	212	2	2	16	903	0	0
2.112	1	9	212	3	3	16	903	0	0
2.113	1	9	212	4	3	16	903	0	0
2.114	1	9	212	5	3	16	903	0	0
2.115	1	9	212	6	3	16	903	0	0
2.116	1	9	212	7	3	18	967	0	0
2.117	1	9	212	8	3	18	967	0	0
2.118	1	9	212	9	3	18	967	0	0
2.119	1	9	212	10	3	18	967	0	0
2.12	1	9	213	1	3	18	967	0	0
2.121	1	9	213	2	3	18	967	0	0
2.122	1	7	213	3	2	16	903	0	0
2.123	1	7	213	4	2	16	903	0	0
2.124	1	9	213	5	3	16	903	0	0
2.125	1	9	213	6	3	16	903	0	0
2.126	1	9	213	7	3	16	903	0	0
2.127	1	9	213	8	3	16	903	0	0
2.128	1	4	213	9	1	18	967	0	0
2.129	1	10	213	10	9	20	1191	0	0
2.13	1	10	214	1	9	20	1191	0	0
2.131	1	10	214	2	9	18	967	0	0
2.132	1	7	214	3	2	18	967	0	0
2.133	1	7	214	4	2	18	967	0	0
2.134	1	10	214	5	9	18	967	0	0
2.135	1	6	214	6	12	14	775	0	0
2.136	1	9	214	7	3	18	967	0	0
2.137	1	9	214	8	3	18	967	0	0
2.138	1	10	214	9	9	18	967	0	0
2.139	1	10	214	10	9	22	1383	0	0
2.14	1	10	215	1	9	22	1383	0	0
2.141	1	10	215	2	9	16	903	0	0
2.142	1	9	215	3	3	16	903	0	0
2.143	1	10	215	4	9	18	967	0	0
2.144	1	5	215	5	4	18	967	0	0
2.145	1	10	215	6	9	20	1191	0	0
2.146	1	10	215	7	9	20	1191	0	0
2.147	1	9	215	8	3	16	903	0	0
2.148	1	4	215	9	1	16	903	0	0
2.149	1	4	215	10	1	16	903	0	0
2.15	1	9	216	1	3	18	967	0	0
2.151	1	9	216	2	3	18	967	0	0
2.152	1	9	216	3	3	18	967	0	0
2.153	1	8	216	4	11	20	1191	0	0
2.154	1	8	216	5	11	20	1191	0	0
2.155	1	4	216	6	1	16	903	0	0
2.156	1	7	216	7	2	16	903	0	0
2.157	1	7	216	8	2	16	903	0	0
2.158	1	5	216	9	4	16	903	0	0
2.159	1	5	216	10	4	16	903	0	0
2.16	1	9	217	1	3	16	903	0	0
2.161	1	9	217	2	3	16	903	0	0
2.162	1	9	217	3	3	18	967	0	0
2.163	1	9	217	4	3	18	967	0	0
2.164	1	4	217	5	1	16	903	0	0
2.165	1	10	217	6	9	18	967	0	0
2.166	1	10	217	7	9	18	967	0	0
2.167	1	10	217	8	9	18	967	0	0
2.168	1	10	217	9	9	18	967	0	0
2.169	1	9	217	10	3	16	903	0	0
2.17	1	5	218	1	4	16	903	0	0
2.171	1	5	218	2	4	16	903	0	0
2.172	1	10	218	3	9	16	903	0	0
2.173	1	10	218	4	9	16	903	0	0
2.174	1	7	218	5	2	16	903	0	0
2.175	1	7	218	6	2	16	903	0	0
2.176	1	10	218	7	9	16	903	0	0
2.177	1	7	218	8	2	14	775	0	0
2.178	1	9	218	9	3	16	903	0	0
2.179	1	9	218	10	3	16	903	0	0
2.18	1	7	219	1	2	18	967	0	0
2.181	1	7	219	2	2	18	967	0	0
2.182	1	7	219	3	2	16	903	0	0
2.183	1	7	219	4	2	16	903	0	0
2.184	1	7	219	5	2	16	903	0	0
2.185	1	6	219	6	12	18	967	0	0
2.186	1	6	219	7	12	18	967	0	0
2.187	1	10	219	8	9	18	967	0	0
2.188	1	10	219	9	9	18	967	0	0
2.189	1	4	219	10	1	16	903	0	0
2.19	1	9	220	1	3	18	967	0	0
2.191	1	9	220	2	3	18	967	0	0
2.192	1	7	220	3	2	18	967	0	0
2.193	1	7	220	4	2	18	967	0	0
2.194	1	10	220	5	9	18	967	0	0
2.195	1	10	220	6	9	18	967	0	0
2.196	1	10	220	7	9	18	967	0	0
2.197	1	10	220	8	9	20	1191	0	0
2.198	1	10	220	9	9	20	1191	0	0
2.199	1	10	220	10	9	18	967	0	0
2.2	1	10	221	1	9	18	967	0	0
2.201	1	9	221	2	3	16	903	0	0
2.202	1	7	221	3	2	16	903	0	0
2.203	1	7	221	4	2	16	903	0	0
2.204	1	9	221	5	3	16	903	0	0
2.205	1	9	221	6	3	16	903	0	0
2.206	1	9	221	7	3	16	903	0	0
2.207	1	9	221	8	3	16	903	0	0
2.208	1	9	221	9	3	20	1191	0	0
2.209	1	9	221	10	3	20	1191	0	0
2.21	1	5	222	1	4	18	967	0	0
2.211	1	5	222	2	4	18	967	0	0
2.212	1	4	222	3	1	16	903	0	0
2.213	1	8	222	4	11	18	967	0	0
2.214	1	9	222	5	3	18	967	0	0
2.215	1	9	222	6	3	18	967	0	0
2.216	1	9	222	7	3	18	967	0	0
2.217	1	9	222	8	3	18	967	0	0
2.218	1	9	222	9	3	20	1191	0	0
2.219	1	9	222	10	3	20	1191	0	0
2.22	1	7	223	1	2	20	1191	0	0
2.221	1	7	223	2	2	20	1191	0	0
2.222	1	4	223	3	1	18	967	0	0
2.223	1	4	223	4	1	18	967	0	0
2.224	1	4	223	5	1	16	903	0	0
2.225	1	4	223	6	1	16	903	0	0
2.226	1	9	223	7	3	16	903	0	0
2.227	1	9	223	8	3	16	903	0	0
2.228	1	7	223	9	2	18	967	0	0
2.229	1	7	223	10	2	18	967	0	0
2.23	1	7	224	1	2	18	967	0	0
2.231	1	7	224	2	2	18	967	0	0
2.232	1	8	224	3	11	18	967	0	0
2.233	1	9	224	4	3	16	903	0	0
2.234	1	7	224	5	2	16	903	0	0
2.235	1	7	224	6	2	16	903	0	0
2.236	1	7	224	7	2	16	903	0	0
2.237	1	7	224	8	2	16	903	0	0
2.238	1	9	224	9	3	18	967	0	0
2.239	1	9	224	10	3	18	967	0	0
2.24	1	7	225	1	2	16	903	0	0
2.241	1	7	225	2	2	16	903	0	0
2.242	1	7	225	3	2	14	775	0	0
2.243	1	8	225	4	11	16	903	0	0
2.244	1	9	225	5	3	16	903	0	0
2.245	1	10	225	6	9	18	967	0	0
2.246	1	10	225	7	9	18	967	0	0
2.247	1	4	225	8	1	16	903	0	0
2.248	1	10	225	9	9	16	903	0	0
2.249	1	4	225	10	1	14	775	0	0
2.25	1	9	226	1	3	16	903	0	0
2.251	1	9	226	2	3	16	903	0	0
2.252	1	9	226	3	3	18	967	0	0
2.253	1	10	226	4	9	20	1191	0	0
2.254	1	10	226	5	9	20	1191	0	0
2.255	1	10	226	6	9	18	967	0	0
2.256	1	10	226	7	9	18	967	0	0
2.257	1	7	226	8	2	16	903	0	0
2.258	1	10	226	9	9	16	903	0	0
2.259	1	8	226	10	11	16	903	0	0
2.26	1	8	227	1	11	16	903	0	0
2.261	1	10	227	2	9	18	967	0	0
2.262	1	10	227	3	9	18	967	0	0
2.263	1	10	227	4	9	18	967	0	0
2.264	1	10	227	5	9	18	967	0	0
2.265	1	8	227	6	11	18	967	0	0
2.266	1	5	227	7	4	18	967	0	0
2.267	1	5	227	8	4	18	967	0	0
2.268	1	10	227	9	9	18	967	0	0
2.269	1	10	227	10	9	18	967	0	0
2.27	1	10	228	1	9	18	967	0	0
2.271	1	10	228	2	9	18	967	0	0
2.272	1	10	228	3	9	18	967	0	0
2.273	1	10	228	4	9	18	967	0	0
2.274	1	10	228	5	9	18	967	0	0
2.275	1	7	228	6	2	14	775	0	0
2.276	1	5	228	7	4	18	967	0	0
2.277	1	5	228	8	4	18	967	0	0
2.278	1	4	228	9	1	16	903	0	0
2.279	1	8	228	10	11	18	967	0	0
2.28	1	8	229	1	11	18	967	0	0
2.281	1	8	229	2	11	18	967	0	0
2.282	1	8	229	3	11	18	967	0	0
2.283	1	10	229	4	9	18	967	0	0
2.284	1	10	229	5	9	18	967	0	0
2.285	1	5	229	6	4	16	903	0	0
2.286	1	9	229	7	3	18	967	0	0
2.287	1	9	229	8	3	18	967	0	0
2.288	1	9	229	9	3	18	967	0	0
2.289	1	9	229	10	3	18	967	0	0
2.29	1	5	230	1	4	18	967	0	0
2.291	1	5	230	2	4	18	967	0	0
2.292	1	9	230	3	3	16	903	0	0
2.293	1	8	230	4	11	18	967	0	0
2.294	1	9	230	5	3	18	967	0	0
2.295	1	9	230	6	3	18	967	0	0
2.296	1	8	230	7	11	18	967	0	0
2.297	1	8	230	8	11	18	967	0	0
2.298	1	8	230	9	11	18	967	0	0
2.299	1	10	230	10	9	18	967	0	0
2.3	1	9	231	1	3	20	1191	0	0
2.301	1	9	231	2	3	20	1191	0	0
2.302	1	7	231	3	2	16	903	0	0
2.303	1	7	231	4	2	16	903	0	0
2.304	1	9	231	5	3	16	903	0	0
2.305	1	9	231	6	3	16	903	0	0
2.306	1	9	231	7	3	16	903	0	0
2.307	1	9	231	8	3	16	903	0	0
2.308	1	9	231	9	3	20	1191	0	0
2.309	1	9	231	10	3	20	1191	0	0
2.31	1	9	232	1	3	18	967	0	0
2.311	1	9	232	2	3	18	967	0	0
2.312	1	7	232	3	2	18	967	0	0
2.313	1	7	232	4	2	18	967	0	0
2.314	1	7	232	5	2	18	967	0	0
2.315	1	7	232	6	2	18	967	0	0
2.316	1	9	232	7	3	20	1191	0	0
2.317	1	9	232	8	3	20	1191	0	0
2.318	1	9	232	9	3	18	967	0	0
2.319	1	9	232	10	3	18	967	0	0
2.32	1	10	233	1	9	18	967	0	0
2.321	1	10	233	2	9	20	1191	0	0
2.322	1	10	233	3	9	20	1191	0	0
2.323	1	9	233	4	3	16	903	0	0
2.324	1	7	233	5	2	16	903	0	0
2.325	1	10	233	6	9	18	967	0	0
2.326	1	10	233	7	9	18	967	0	0
2.327	1	4	233	8	1	14	775	0	0
2.328	1	9	233	9	3	14	775	0	0
2.329	1	8	233	10	11	18	967	0	0
2.33	1	7	234	1	2	18	967	0	0
2.331	1	7	234	2	2	18	967	0	0
2.332	1	9	234	3	3	22	1383	0	0
2.333	1	9	234	4	3	22	1383	0	0
2.334	1	10	234	5	9	20	1191	0	0
2.335	1	10	234	6	9	18	967	0	0
2.336	1	10	234	7	9	18	967	0	0
2.337	1	10	234	8	9	16	903	0	0
2.338	1	10	234	9	9	16	903	0	0
2.339	1	10	234	10	9	20	1191	0	0
2.34	1	10	235	1	9	20	1191	0	0
2.341	1	9	235	2	3	18	967	0	0
2.342	1	9	235	3	3	22	1383	0	0
2.343	1	9	235	4	3	22	1383	0	0
2.344	1	9	235	5	3	18	967	0	0
2.345	1	9	235	6	3	18	967	0	0
2.346	1	8	235	7	11	16	903	0	0
2.347	1	8	235	8	11	18	967	0	0
2.348	1	8	235	9	11	18	967	0	0
2.349	1	8	235	10	11	18	967	0	0
2.35	1	8	236	1	11	18	967	0	0
2.351	1	9	236	2	3	16	903	0	0
2.352	1	9	236	3	3	14	775	0	0
2.353	1	9	236	4	3	14	775	0	0
2.354	1	10	236	5	9	14	775	0	0
2.355	1	6	236	6	12	14	775	0	0
2.356	1	9	236	7	3	16	903	0	0
2.357	1	9	236	8	3	16	903	0	0
2.358	1	5	236	9	4	16	903	0	0
2.359	1	10	236	10	9	18	967	0	0
2.36	1	10	237	1	9	18	967	0	0
2.361	1	5	237	2	4	16	903	0	0
2.362	1	7	237	3	2	16	903	0	0
2.363	1	10	237	4	9	20	1191	0	0
2.364	1	10	237	5	9	20	1191	0	0
2.365	1	7	237	6	2	18	967	0	0
2.366	1	7	237	7	2	16	903	0	0
2.367	1	7	237	8	2	16	903	0	0
2.368	1	6	237	9	12	16	903	0	0
2.369	1	5	237	10	4	14	775	0	0
2.37	1	7	238	1	2	16	903	0	0
2.371	1	7	238	2	2	16	903	0	0
2.372	1	10	238	3	9	16	903	0	0
2.373	1	9	238	4	3	14	775	0	0
2.374	1	7	238	5	2	16	903	0	0
2.375	1	7	238	6	2	16	903	0	0
2.376	1	9	238	7	3	16	903	0	0
2.377	1	9	238	8	3	16	903	0	0
2.378	1	9	238	9	3	20	1191	0	0
2.379	1	9	238	10	3	20	1191	0	0
2.38	1	7	239	1	2	16	903	0	0
2.381	1	6	239	2	12	18	967	0	0
2.382	1	6	239	3	12	18	967	0	0
2.383	1	4	239	4	1	16	903	0	0
2.384	1	8	239	5	11	16	903	0	0
2.385	1	10	239	6	9	16	903	0	0
2.386	1	9	239	7	3	16	903	0	0
2.387	1	9	239	8	3	16	903	0	0
2.388	1	10	239	9	9	16	903	0	0
2.389	1	10	239	10	9	18	967	0	0
2.39	1	10	240	1	9	18	967	0	0
2.391	1	10	240	2	9	18	967	0	0
2.392	1	10	240	3	9	18	967	0	0
2.393	1	10	240	4	9	16	903	0	0
2.394	1	9	240	5	3	16	903	0	0
2.395	1	9	240	6	3	16	903	0	0
2.396	1	9	240	7	3	20	1191	0	0
2.397	1	9	240	8	3	20	1191	0	0
2.398	1	10	240	9	9	18	967	0	0
2.399	1	10	240	10	9	18	967	0	0
2.4	1	10	241	1	9	18	967	0	0
2.401	1	10	241	2	9	18	967	0	0
2.402	1	10	241	3	9	18	967	0	0
2.403	1	10	241	4	9	20	1191	0	0
2.404	1	10	241	5	9	20	1191	0	0
2.405	1	9	241	6	3	16	903	0	0
2.406	1	9	241	7	3	20	1191	0	0
2.407	1	9	241	8	3	20	1191	0	0
2.408	1	5	241	9	4	16	903	0	0
2.409	1	5	241	10	4	16	903	0	0
2.41	1	9	242	1	3	18	967	0	0
2.411	1	9	242	2	3	18	967	0	0
2.412	1	9	242	3	3	18	967	0	0
2.413	1	9	242	4	3	18	967	0	0
2.414	1	9	242	5	3	18	967	0	0
2.415	1	9	242	6	3	18	967	0	0
2.416	1	9	242	7	3	16	903	0	0
2.417	1	9	242	8	3	16	903	0	0
2.418	1	9	242	9	3	18	967	0	0
2.419	1	9	242	10	3	18	967	0	0
2.42	1	9	243	1	3	18	967	0	0
2.421	1	9	243	2	3	18	967	0	0
2.422	1	7	243	3	2	20	1191	0	0
2.423	1	7	243	4	2	20	1191	0	0
2.424	1	7	243	5	2	16	903	0	0
2.425	1	10	243	6	9	18	967	0	0
2.426	1	10	243	7	9	18	967	0	0
2.427	1	10	243	8	9	20	1191	0	0
2.428	1	10	243	9	9	20	1191	0	0
2.429	1	10	243	10	9	20	1191	0	0
2.43	1	10	244	1	9	20	1191	0	0
2.431	1	9	244	2	3	16	903	0	0
2.432	1	10	244	3	9	16	903	0	0
2.433	1	10	244	4	9	16	903	0	0
2.434	1	10	244	5	9	16	903	0	0
2.435	1	10	244	6	9	18	967	0	0
2.436	1	5	244	7	4	18	967	0	0
2.437	1	5	244	8	4	18	967	0	0
2.438	1	9	244	9	3	16	903	0	0
2.439	1	9	244	10	3	16	903	0	0
2.44	1	10	245	1	9	16	903	0	0
2.441	1	9	245	2	3	14	775	0	0
2.442	1	7	245	3	2	16	903	0	0
2.443	1	7	245	4	2	16	903	0	0
2.444	1	7	245	5	2	18	967	0	0
2.445	1	7	245	6	2	18	967	0	0
2.446	1	9	245	7	3	16	903	0	0
2.447	1	9	245	8	3	16	903	0	0
2.448	1	7	245	9	2	16	903	0	0
2.449	1	7	245	10	2	16	903	0	0
2.45	1	7	246	1	2	18	967	0	0
2.451	1	7	246	2	2	18	967	0	0
2.452	1	9	246	3	3	18	967	0	0
2.453	1	10	246	4	9	20	1191	0	0
2.454	1	10	246	5	9	20	1191	0	0
2.455	1	10	246	6	9	18	967	0	0
2.456	1	10	246	7	9	18	967	0	0
2.457	1	8	246	8	11	20	1191	0	0
2.458	1	8	246	9	11	20	1191	0	0
2.459	1	4	246	10	1	16	903	0	0
2.46	1	9	247	1	3	18	967	0	0
2.461	1	9	247	2	3	18	967	0	0
2.462	1	10	247	3	9	18	967	0	0
2.463	1	10	247	4	9	18	967	0	0
2.464	1	10	247	5	9	18	967	0	0
2.465	1	9	247	6	3	16	903	0	0
2.466	1	9	247	7	3	18	967	0	0
2.467	1	9	247	8	3	18	967	0	0
2.468	1	9	247	9	3	20	1191	0	0
2.469	1	9	247	10	3	20	1191	0	0
2.47	1	9	248	1	3	18	967	0	0
2.471	1	9	248	2	3	18	967	0	0
2.472	1	10	248	3	9	16	903	0	0
2.473	1	10	248	4	9	18	967	0	0
2.474	1	9	248	5	3	18	967	0	0
2.475	1	9	248	6	3	18	967	0	0
2.476	1	9	248	7	3	18	967	0	0
2.477	1	9	248	8	3	18	967	0	0
2.478	1	5	248	9	4	16	903	0	0
2.479	1	5	248	10	4	16	903	0	0
2.48	1	7	249	1	2	16	903	0	0
2.481	1	10	249	2	9	18	967	0	0
2.482	1	10	249	3	9	18	967	0	0
2.483	1	10	249	4	9	18	967	0	0
2.484	1	10	249	5	9	18	967	0	0
2.485	1	9	249	6	3	16	903	0	0
2.486	1	9	249	7	3	14	775	0	0
2.487	1	8	249	8	11	16	903	0	0
2.488	1	8	249	9	11	16	903	0	0
2.489	1	8	249	10	11	18	967	0	0
2.49	1	8	250	1	11	18	967	0	0
2.491	1	7	250	2	2	14	775	0	0
2.492	1	7	250	3	2	18	967	0	0
2.493	1	7	250	4	2	18	967	0	0
2.494	1	7	250	5	2	16	903	0	0
2.495	1	7	250	6	2	16	903	0	0
2.496	1	9	250	7	3	16	903	0	0
2.497	1	9	250	8	3	16	903	0	0
2.498	1	7	250	9	2	16	903	0	0
2.499	1	10	250	10	9	18	967	0	0
2.5	1	9	251	1	3	18	967	0	0
2.501	1	9	251	2	3	18	967	0	0
2.502	1	9	251	3	3	20	1191	0	0
2.503	1	9	251	4	3	20	1191	0	0
2.504	1	4	251	5	1	18	967	0	0
2.505	1	4	251	6	1	18	967	0	0
2.506	1	9	251	7	3	18	967	0	0
2.507	1	9	251	8	3	18	967	0	0
2.508	1	9	251	9	3	18	967	0	0
2.509	1	10	251	10	9	20	1191	0	0
2.51	1	10	252	1	9	20	1191	0	0
2.511	1	10	252	2	9	16	903	0	0
2.512	1	9	252	3	3	18	967	0	0
2.513	1	10	252	4	9	20	1191	0	0
2.514	1	10	252	5	9	20	1191	0	0
2.515	1	10	252	6	9	18	967	0	0
2.516	1	10	252	7	9	18	967	0	0
2.517	1	4	252	8	1	16	903	0	0
2.518	1	4	252	9	1	18	967	0	0
2.519	1	4	252	10	1	18	967	0	0
2.52	1	10	253	1	9	18	967	0	0
2.521	1	4	253	2	1	16	903	0	0
2.522	1	7	253	3	2	16	903	0	0
2.523	1	7	253	4	2	16	903	0	0
2.524	1	9	253	5	3	16	903	0	0
2.525	1	9	253	6	3	16	903	0	0
2.526	1	9	253	7	3	18	967	0	0
2.527	1	9	253	8	3	18	967	0	0
2.528	1	9	253	9	3	16	903	0	0
2.529	1	9	253	10	3	16	903	0	0
2.53	1	9	254	1	3	18	967	0	0
2.531	1	9	254	2	3	18	967	0	0
2.532	1	5	254	3	4	18	967	0	0
2.533	1	5	254	4	4	18	967	0	0
2.534	1	8	254	5	11	18	967	0	0
2.535	1	9	254	6	3	16	903	0	0
2.536	1	7	254	7	2	18	967	0	0
2.537	1	7	254	8	2	18	967	0	0
2.538	1	7	254	9	2	20	1191	0	0
2.539	1	7	254	10	2	20	1191	0	0
2.54	1	8	255	1	11	20	1191	0	0
2.541	1	9	255	2	3	18	967	0	0
2.542	1	7	255	3	2	18	967	0	0
2.543	1	7	255	4	2	18	967	0	0
2.544	1	7	255	5	2	18	967	0	0
2.545	1	7	255	6	2	18	967	0	0
2.546	1	9	255	7	3	18	967	0	0
2.547	1	9	255	8	3	18	967	0	0
2.548	1	10	255	9	9	16	903	0	0
2.549	1	10	255	10	9	18	967	0	0
2.55	1	7	256	1	2	18	967	0	0
2.551	1	7	256	2	2	18	967	0	0
2.552	1	9	256	3	3	18	967	0	0
2.553	1	9	256	4	3	18	967	0	0
2.554	1	9	256	5	3	16	903	0	0
2.555	1	8	256	6	11	18	967	0	0
2.556	1	9	256	7	3	18	967	0	0
2.557	1	9	256	8	3	18	967	0	0
2.558	1	9	256	9	3	20	1191	0	0
2.559	1	9	256	10	3	20	1191	0	0
2.56	1	10	257	1	9	20	1191	0	0
2.561	1	7	257	2	2	18	967	0	0
2.562	1	10	257	3	9	18	967	0	0
2.563	1	4	257	4	1	16	903	0	0
2.564	1	6	257	5	12	16	903	0	0
2.565	1	10	257	6	9	18	967	0	0
2.566	1	10	257	7	9	18	967	0	0
2.567	1	10	257	8	9	20	1191	0	0
2.568	1	10	257	9	9	20	1191	0	0
2.569	1	10	257	10	9	18	967	0	0
2.57	1	10	258	1	9	18	967	0	0
2.571	1	6	258	2	12	18	967	0	0
2.572	1	6	258	3	12	18	967	0	0
2.573	1	7	258	4	2	16	903	0	0
2.574	1	4	258	5	1	16	903	0	0
2.575	1	8	258	6	11	18	967	0	0
2.576	1	8	258	7	11	18	967	0	0
2.577	1	9	258	8	3	16	903	0	0
2.578	1	9	258	9	3	18	967	0	0
2.579	1	9	258	10	3	18	967	0	0
2.58	1	9	259	1	3	18	967	0	0
2.581	1	9	259	2	3	18	967	0	0
2.582	1	10	259	3	9	18	967	0	0
2.583	1	10	259	4	9	16	903	0	0
2.584	1	7	259	5	2	18	967	0	0
2.585	1	7	259	6	2	18	967	0	0
2.586	1	5	259	7	4	18	967	0	0
2.587	1	10	259	8	9	20	1191	0	0
2.588	1	10	259	9	9	20	1191	0	0
2.589	1	10	259	10	9	16	903	0	0
2.59	1	5	260	1	4	18	967	0	0
2.591	1	5	260	2	4	18	967	0	0
2.592	1	4	260	3	1	14	775	0	0
2.593	1	8	260	4	11	16	903	0	0
2.594	1	7	260	5	2	16	903	0	0
2.595	1	7	260	6	2	16	903	0	0
2.596	1	7	260	7	2	18	967	0	0
2.597	1	7	260	8	2	18	967	0	0
2.598	1	7	260	9	2	18	967	0	0
2.599	1	7	260	10	2	18	967	0	0
2.6	1	10	261	1	9	18	967	0	0
2.601	1	8	261	2	11	18	967	0	0
2.602	1	9	261	3	3	20	1191	0	0
2.603	1	9	261	4	3	20	1191	0	0
2.604	1	9	261	5	3	18	967	0	0
2.605	1	9	261	6	3	18	967	0	0
2.606	1	10	261	7	9	18	967	0	0
2.607	1	10	261	8	9	18	967	0	0
2.608	1	10	261	9	9	18	967	0	0
2.609	1	7	261	10	2	16	903	0	0
2.61	1	7	262	1	2	16	903	0	0
2.611	1	6	262	2	12	18	967	0	0
2.612	1	7	262	3	2	18	967	0	0
2.613	1	7	262	4	2	18	967	0	0
2.614	1	9	262	5	3	20	1191	0	0
2.615	1	9	262	6	3	20	1191	0	0
2.616	1	8	262	7	11	18	967	0	0
2.617	1	4	262	8	1	16	903	0	0
2.618	1	9	262	9	3	18	967	0	0
2.619	1	9	262	10	3	18	967	0	0
2.62	1	9	263	1	3	18	967	0	0
2.621	1	9	263	2	3	18	967	0	0
2.622	1	10	263	3	9	18	967	0	0
2.623	1	10	263	4	9	18	967	0	0
2.624	1	9	263	5	3	20	1191	0	0
2.625	1	9	263	6	3	20	1191	0	0
2.626	1	9	263	7	3	18	967	0	0
2.627	1	9	263	8	3	18	967	0	0
2.628	1	9	263	9	3	16	903	0	0
2.629	1	9	263	10	3	16	903	0	0
2.63	1	9	264	1	3	18	967	0	0
2.631	1	9	264	2	3	18	967	0	0
2.632	1	9	264	3	3	18	967	0	0
2.633	1	9	264	4	3	18	967	0	0
2.634	1	4	264	5	1	16	903	0	0
2.635	1	4	264	6	1	16	903	0	0
2.636	1	4	264	7	1	14	775	0	0
2.637	1	10	264	8	9	16	903	0	0
2.638	1	9	264	9	3	20	1191	0	0
2.639	1	9	264	10	3	20	1191	0	0
2.64	1	9	265	1	3	18	967	0	0
2.641	1	9	265	2	3	18	967	0	0
2.642	1	9	265	3	3	18	967	0	0
2.643	1	9	265	4	3	18	967	0	0
2.644	1	5	265	5	4	18	967	0	0
2.645	1	5	265	6	4	18	967	0	0
2.646	1	9	265	7	3	18	967	0	0
2.647	1	9	265	8	3	18	967	0	0
2.648	1	9	265	9	3	22	1383	0	0
2.649	1	9	265	10	3	22	1383	0	0
2.65	1	10	266	1	9	18	967	0	0
2.651	1	10	266	2	9	20	1191	0	0
2.652	1	10	266	3	9	20	1191	0	0
2.653	1	8	266	4	11	18	967	0	0
2.654	1	8	266	5	11	18	967	0	0
2.655	1	10	266	6	9	20	1191	0	0
2.656	1	10	266	7	9	20	1191	0	0
2.657	1	10	266	8	9	20	1191	0	0
2.658	1	10	266	9	9	20	1191	0	0
2.659	1	7	266	10	2	16	903	0	0
2.66	1	9	267	1	3	18	967	0	0
2.661	1	9	267	2	3	18	967	0	0
2.662	1	7	267	3	2	20	1191	0	0
2.663	1	7	267	4	2	20	1191	0	0
2.664	1	7	267	5	2	18	967	0	0
2.665	1	10	267	6	9	20	1191	0	0
2.666	1	10	267	7	9	20	1191	0	0
2.667	1	10	267	8	9	16	903	0	0
2.668	1	10	267	9	9	16	903	0	0
2.669	1	6	267	10	12	16	903	0	0
2.67	1	9	268	1	3	18	967	0	0
2.671	1	9	268	2	3	18	967	0	0
2.672	1	7	268	3	2	18	967	0	0
2.673	1	7	268	4	2	18	967	0	0
2.674	1	10	268	5	9	16	903	0	0
2.675	1	10	268	6	9	14	775	0	0
2.676	1	7	268	7	2	16	903	0	0
2.677	1	7	268	8	2	16	903	0	0
2.678	1	4	268	9	1	16	903	0	0
2.679	1	4	268	10	1	16	903	0	0
2.68	1	9	269	1	3	18	967	0	0
2.681	1	9	269	2	3	18	967	0	0
2.682	1	10	269	3	9	18	967	0	0
2.683	1	10	269	4	9	18	967	0	0
2.684	1	10	269	5	9	18	967	0	0
2.685	1	10	269	6	9	16	903	0	0
2.686	1	10	269	7	9	16	903	0	0
2.687	1	10	269	8	9	16	903	0	0
2.688	1	7	269	9	2	16	903	0	0
2.689	1	7	269	10	2	16	903	0	0
2.69	1	7	270	1	2	20	1191	0	0
2.691	1	7	270	2	2	20	1191	0	0
2.692	1	7	270	3	2	16	903	0	0
2.693	1	7	270	4	2	16	903	0	0
2.694	1	7	270	5	2	14	775	0	0
2.695	1	7	270	6	2	14	775	0	0
2.696	1	7	270	7	2	16	903	0	0
2.697	1	7	270	8	2	16	903	0	0
2.698	1	7	270	9	2	18	967	0	0
2.699	1	7	270	10	2	18	967	0	0
2.7	1	5	271	1	4	16	903	0	0
2.701	1	10	271	2	9	20	1191	0	0
2.702	1	10	271	3	9	20	1191	0	0
2.703	1	6	271	4	12	16	903	0	0
2.704	1	6	271	5	12	16	903	0	0
2.705	1	10	271	6	9	16	903	0	0
2.706	1	9	271	7	3	18	967	0	0
2.707	1	9	271	8	3	18	967	0	0
2.708	1	7	271	9	2	20	1191	0	0
2.709	1	7	271	10	2	20	1191	0	0
2.71	1	7	272	1	2	16	903	0	0
2.711	1	7	272	2	2	16	903	0	0
2.712	1	9	272	3	3	18	967	0	0
2.713	1	9	272	4	3	18	967	0	0
2.714	1	7	272	5	2	16	903	0	0
2.715	1	7	272	6	2	16	903	0	0
2.716	1	9	272	7	3	16	903	0	0
2.717	1	9	272	8	3	16	903	0	0
2.718	1	5	272	9	4	16	903	0	0
2.719	1	5	272	10	4	16	903	0	0
2.72	1	10	273	1	9	16	903	0	0
2.721	1	10	273	2	9	18	967	0	0
2.722	1	10	273	3	9	18	967	0	0
2.723	1	8	273	4	11	18	967	0	0
2.724	1	8	273	5	11	18	967	0	0
2.725	1	10	273	6	9	18	967	0	0
2.726	1	10	273	7	9	18	967	0	0
2.727	1	8	273	8	11	18	967	0	0
2.728	1	9	273	9	3	18	967	0	0
2.729	1	9	273	10	3	18	967	0	0
2.73	1	8	274	1	11	18	967	0	0
2.731	1	10	274	2	9	16	903	0	0
2.732	1	9	274	3	3	16	903	0	0
2.733	1	9	274	4	3	16	903	0	0
2.734	1	9	274	5	3	16	903	0	0
2.735	1	10	274	6	9	18	967	0	0
2.736	1	10	274	7	9	18	967	0	0
2.737	1	8	274	8	11	18	967	0	0
2.738	1	8	274	9	11	18	967	0	0
2.739	1	8	274	10	11	18	967	0	0
2.74	1	8	275	1	11	18	967	0	0
2.741	1	4	275	2	1	16	903	0	0
2.742	1	9	275	3	3	16	903	0	0
2.743	1	9	275	4	3	16	903	0	0
2.744	1	7	275	5	2	16	903	0	0
2.745	1	8	275	6	11	18	967	0	0
2.746	1	9	275	7	3	18	967	0	0
2.747	1	9	275	8	3	18	967	0	0
2.748	1	10	275	9	9	18	967	0	0
2.749	1	10	275	10	9	16	903	0	0
2.75	1	10	276	1	9	16	903	0	0
2.751	1	10	276	2	9	16	903	0	0
2.752	1	9	276	3	3	18	967	0	0
2.753	1	9	276	4	3	18	967	0	0
2.754	1	4	276	5	1	14	775	0	0
2.755	1	4	276	6	1	14	775	0	0
2.756	1	9	276	7	3	20	1191	0	0
2.757	1	9	276	8	3	20	1191	0	0
2.758	1	9	276	9	3	16	903	0	0
2.759	1	9	276	10	3	16	903	0	0
2.76	1	7	277	1	2	16	903	0	0
2.761	1	10	277	2	9	18	967	0	0
2.762	1	10	277	3	9	18	967	0	0
2.763	1	10	277	4	9	18	967	0	0
2.764	1	10	277	5	9	18	967	0	0
2.765	1	10	277	6	9	16	903	0	0
2.766	1	9	277	7	3	18	967	0	0
2.767	1	9	277	8	3	18	967	0	0
2.768	1	10	277	9	9	18	967	0	0
2.769	1	5	277	10	4	14	775	0	0
2.77	1	4	278	1	1	14	775	0	0
2.771	1	10	278	2	9	16	903	0	0
2.772	1	10	278	3	9	16	903	0	0
2.773	1	10	278	4	9	18	967	0	0
2.774	1	10	278	5	9	18	967	0	0
2.775	1	10	278	6	9	18	967	0	0
2.776	1	10	278	7	9	18	967	0	0
2.777	1	7	278	8	2	16	903	0	0
2.778	1	5	278	9	4	16	903	0	0
2.779	1	10	278	10	9	20	1191	0	0
2.78	1	10	279	1	9	20	1191	0	0
2.781	1	10	279	2	9	20	1191	0	0
2.782	1	10	279	3	9	20	1191	0	0
2.783	1	7	279	4	2	16	903	0	0
2.784	1	9	279	5	3	20	1191	0	0
2.785	1	9	279	6	3	20	1191	0	0
2.786	1	5	279	7	4	18	967	0	0
2.787	1	10	279	8	9	20	1191	0	0
2.788	1	10	279	9	9	20	1191	0	0
2.789	1	10	279	10	9	18	967	0	0
2.79	1	10	280	1	9	18	967	0	0
2.791	1	6	280	2	12	16	903	0	0
2.792	1	6	280	3	12	16	903	0	0
2.793	1	10	280	4	9	18	967	0	0
2.794	1	10	280	5	9	18	967	0	0
2.795	1	10	280	6	9	18	967	0	0
2.796	1	10	280	7	9	18	967	0	0
2.797	1	10	280	8	9	18	967	0	0
2.798	1	4	280	9	1	18	967	0	0
2.799	1	4	280	10	1	18	967	0	0
2.8	1	4	281	1	1	16	903	0	0
2.801	1	4	281	2	1	16	903	0	0
2.802	1	4	281	3	1	16	903	0	0
2.803	1	4	281	4	1	16	903	0	0
2.804	1	5	281	5	4	16	903	0	0
2.805	1	8	281	6	11	18	967	0	0
2.806	1	8	281	7	11	18	967	0	0
2.807	1	9	281	8	3	16	903	0	0
2.808	1	6	281	9	12	16	903	0	0
2.809	1	10	281	10	9	16	903	0	0
2.81	1	5	282	1	4	16	903	0	0
2.811	1	10	282	2	9	18	967	0	0
2.812	1	9	282	3	3	18	967	0	0
2.813	1	9	282	4	3	18	967	0	0
2.814	1	10	282	5	9	18	967	0	0
2.815	1	9	282	6	3	16	903	0	0
2.816	1	7	282	7	2	16	903	0	0
2.817	1	10	282	8	9	18	967	0	0
2.818	1	9	282	9	3	18	967	0	0
2.819	1	9	282	10	3	18	967	0	0
2.82	1	10	283	1	9	18	967	0	0
2.821	1	10	283	2	9	16	903	0	0
2.822	1	10	283	3	9	16	903	0	0
2.823	1	10	283	4	9	22	1383	0	0
2.824	1	10	283	5	9	22	1383	0	0
2.825	1	10	283	6	9	16	903	0	0
2.826	1	9	283	7	3	18	967	0	0
2.827	1	9	283	8	3	18	967	0	0
2.828	1	9	283	9	3	16	903	0	0
2.829	1	9	283	10	3	16	903	0	0
2.83	1	10	284	1	9	14	775	0	0
2.831	1	10	284	2	9	20	1191	0	0
2.832	1	10	284	3	9	20	1191	0	0
2.833	1	10	284	4	9	18	967	0	0
2.834	1	10	284	5	9	18	967	0	0
2.835	1	7	284	6	2	16	903	0	0
2.836	1	9	284	7	3	18	967	0	0
2.837	1	10	284	8	9	20	1191	0	0
2.838	1	10	284	9	9	20	1191	0	0
2.839	1	9	284	10	3	16	903	0	0
2.84	1	10	285	1	9	16	903	0	0
2.841	1	10	285	2	9	18	967	0	0
2.842	1	10	285	3	9	18	967	0	0
2.843	1	10	285	4	9	20	1191	0	0
2.844	1	10	285	5	9	20	1191	0	0
2.845	1	7	285	6	2	16	903	0	0
2.846	1	9	285	7	3	16	903	0	0
2.847	1	9	285	8	3	16	903	0	0
2.848	1	9	285	9	3	16	903	0	0
2.849	1	10	285	10	9	18	967	0	0
2.85	1	10	286	1	9	18	967	0	0
2.851	1	9	286	2	3	16	903	0	0
2.852	1	10	286	3	9	16	903	0	0
2.853	1	4	286	4	1	14	775	0	0
2.854	1	4	286	5	1	14	775	0	0
2.855	1	4	286	6	1	14	775	0	0
2.856	1	9	286	7	3	16	903	0	0
2.857	1	9	286	8	3	16	903	0	0
2.858	1	9	286	9	3	18	967	0	0
2.859	1	9	286	10	3	18	967	0	0
2.86	1	9	287	1	3	18	967	0	0
2.861	1	9	287	2	3	18	967	0	0
2.862	1	10	287	3	9	16	903	0	0
2.863	1	10	287	4	9	16	903	0	0
2.864	1	9	287	5	3	18	967	0	0
2.865	1	9	287	6	3	18	967	0	0
2.866	1	9	287	7	3	18	967	0	0
2.867	1	9	287	8	3	18	967	0	0
2.868	1	7	287	9	2	16	903	0	0
2.869	1	7	287	10	2	16	903	0	0
2.87	1	9	288	1	3	18	967	0	0
2.871	1	9	288	2	3	18	967	0	0
2.872	1	5	288	3	4	16	903	0	0
2.873	1	10	288	4	9	18	967	0	0
2.874	1	10	288	5	9	18	967	0	0
2.875	1	7	288	6	2	16	903	0	0
2.876	1	5	288	7	4	16	903	0	0
2.877	1	10	288	8	9	18	967	0	0
2.878	1	10	288	9	9	18	967	0	0
2.879	1	10	288	10	9	16	903	0	0
2.88	1	7	289	1	2	18	967	0	0
2.881	1	7	289	2	2	18	967	0	0
2.882	1	7	289	3	2	16	903	0	0
2.883	1	7	289	4	2	16	903	0	0
2.884	1	9	289	5	3	16	903	0	0
2.885	1	9	289	6	3	16	903	0	0
2.886	1	9	289	7	3	18	967	0	0
2.887	1	9	289	8	3	18	967	0	0
2.888	1	7	289	9	2	18	967	0	0
2.889	1	7	289	10	2	18	967	0	0
2.89	1	7	290	1	2	14	775	0	0
2.891	1	10	290	2	9	18	967	0	0
2.892	1	10	290	3	9	18	967	0	0
2.893	1	9	290	4	3	16	903	0	0
2.894	1	7	290	5	2	18	967	0	0
2.895	1	7	290	6	2	18	967	0	0
2.896	1	3	290	7	15	18	967	0	0
2.897	1	10	290	8	9	16	903	0	0
2.898	1	9	290	9	3	18	967	0	0
2.899	1	9	290	10	3	18	967	0	0
2.9	1	7	291	1	2	18	967	0	0
2.901	1	7	291	2	2	18	967	0	0
2.902	1	10	291	3	9	18	967	0	0
2.903	1	10	291	4	9	18	967	0	0
2.904	1	10	291	5	9	18	967	0	0
2.905	1	10	291	6	9	18	967	0	0
2.906	1	9	291	7	3	18	967	0	0
2.907	1	9	291	8	3	18	967	0	0
2.908	1	4	291	9	1	16	903	0	0
2.909	1	4	291	10	1	16	903	0	0
2.91	1	4	292	1	1	16	903	0	0
2.911	1	4	292	2	1	16	903	0	0
2.912	1	10	292	3	9	14	775	0	0
2.913	1	8	292	4	11	16	903	0	0
2.914	1	7	292	5	2	16	903	0	0
2.915	1	10	292	6	9	18	967	0	0
2.916	1	10	292	7	9	18	967	0	0
2.917	1	9	292	8	3	16	903	0	0
2.918	1	10	292	9	9	16	903	0	0
2.919	1	7	292	10	2	14	775	0	0
2.92	1	9	293	1	3	14	775	0	0
2.921	1	8	293	2	11	18	967	0	0
2.922	1	8	293	3	11	18	967	0	0
2.923	1	8	293	4	11	18	967	0	0
2.924	1	8	293	5	11	18	967	0	0
2.925	1	9	293	6	3	14	775	0	0
2.926	1	7	293	7	2	14	775	0	0
2.927	1	10	293	8	9	16	903	0	0
2.928	1	5	293	9	4	16	903	0	0
2.929	1	10	293	10	9	18	967	0	0
2.93	1	10	294	1	9	18	967	0	0
2.931	1	10	294	2	9	18	967	0	0
2.932	1	7	294	3	2	18	967	0	0
2.933	1	7	294	4	2	18	967	0	0
2.934	1	7	294	5	2	16	903	0	0
2.935	1	7	294	6	2	16	903	0	0
2.936	1	7	294	7	2	16	903	0	0
2.937	1	8	294	8	11	18	967	0	0
2.938	1	8	294	9	11	18	967	0	0
2.939	1	8	294	10	11	18	967	0	0
2.94	1	8	295	1	11	18	967	0	0
2.941	1	8	295	2	11	18	967	0	0
2.942	1	7	295	3	2	18	967	0	0
2.943	1	7	295	4	2	18	967	0	0
2.944	1	9	295	5	3	18	967	0	0
2.945	1	9	295	6	3	18	967	0	0
2.946	1	7	295	7	2	16	903	0	0
2.947	1	7	295	8	2	16	903	0	0
2.948	1	7	295	9	2	16	903	0	0
2.949	1	10	295	10	9	18	967	0	0
2.95	1	10	296	1	9	18	967	0	0
2.951	1	10	296	2	9	18	967	0	0
2.952	1	10	296	3	9	18	967	0	0
2.953	1	10	296	4	9	16	903	0	0
2.954	1	5	296	5	4	16	903	0	0
2.955	1	5	296	6	4	16	903	0	0
2.956	1	9	296	7	3	18	967	0	0
2.957	1	9	296	8	3	18	967	0	0
2.958	1	9	296	9	3	18	967	0	0
2.959	1	9	296	10	3	18	967	0	0
2.96	1	10	297	1	9	18	967	0	0
2.961	1	10	297	2	9	20	1191	0	0
2.962	1	10	297	3	9	20	1191	0	0
2.963	1	7	297	4	2	16	903	0	0
2.964	1	8	297	5	11	16	903	0	0
2.965	1	8	297	6	11	18	967	0	0
2.966	1	8	297	7	11	18	967	0	0
2.967	1	9	297	8	3	16	903	0	0
2.968	1	9	297	9	3	18	967	0	0
2.969	1	9	297	10	3	18	967	0	0
2.97	1	9	298	1	3	18	967	0	0
2.971	1	9	298	2	3	18	967	0	0
2.972	1	9	298	3	3	16	903	0	0
2.973	1	10	298	4	9	18	967	0	0
2.974	1	9	298	5	3	18	967	0	0
2.975	1	10	298	6	9	20	1191	0	0
2.976	1	10	298	7	9	20	1191	0	0
2.977	1	10	298	8	9	20	1191	0	0
2.978	1	10	298	9	9	20	1191	0	0
2.979	1	10	298	10	9	20	1191	0	0
2.98	1	9	299	1	3	20	1191	0	0
2.981	1	9	299	2	3	20	1191	0	0
2.982	1	9	299	3	3	22	1383	0	0
2.983	1	9	299	4	3	22	1383	0	0
2.984	1	7	299	5	2	18	967	0	0
2.985	1	7	299	6	2	18	967	0	0
2.986	1	6	299	7	12	18	967	0	0
2.987	1	7	299	8	2	14	775	0	0
2.988	1	7	299	9	2	14	775	0	0
2.989	1	7	299	10	2	14	775	0	0
2.99	1	9	300	1	3	16	903	0	0
2.991	1	9	300	2	3	16	903	0	0
2.992	1	9	300	3	3	16	903	0	0
2.993	1	9	300	4	3	16	903	0	0
2.994	1	9	300	5	3	16	903	0	0
2.995	1	10	300	6	9	18	967	0	0
2.996	1	10	300	7	9	18	967	0	0
2.997	1	9	300	8	3	16	903	0	0
2.998	1	4	300	9	1	16	903	0	0
2.999	1	4	300	10	1	16	903	0	0
