0.013	0
0.014	0
0.015	0
0.016	0
0.017	0
0.018	0
0.019	0
0.02	0
0.021	0
0.022	0
0.023	0
0.024	0
0.025	0
0.026	0
0.027	0
0.028	0
0.029	0
0.03	0
0.031	0
0.032	0
0.033	0
0.034	0
0.035	0
0.036	0
0.037	0
0.038	0
0.039	0
0.04	0
0.041	0
0.042	0
0.043	0
0.044	0
0.045	0
0.046	0
0.047	0
0.048	0
0.049	0
0.05	0
0.051	0
0.052	0
0.053	0
0.054	0
0.055	0
0.056	0
0.057	0
0.058	0
0.059	0
0.06	0
0.061	0
0.062	0
0.063	0
0.064	0
0.065	0
0.066	0
0.067	0
0.068	0
0.069	0
0.07	0
0.071	0
0.072	0
0.073	0
0.074	0
0.075	0
0.076	0
0.077	0
0.078	0
0.079	0
0.08	0
0.081	0
0.082	0
0.083	0
0.084	0
0.085	0
0.086	0
0.087	0
0.088	0
0.089	0
0.09	0
0.091	0
0.092	0
0.093	0
0.094	0
0.095	0
0.096	0
0.097	0
0.098	0
0.099	0
0.1	0
0.101	0
0.102	0
0.103	0
0.104	0
0.105	0
0.106	0
0.107	0
0.108	0
0.109	0
0.11	0
0.111	0
0.112	0
0.113	0
0.114	0
0.115	0
0.116	0
0.117	0
0.118	0
0.119	0
0.12	0
0.121	0
0.122	0
0.123	0
0.124	0
0.125	0
0.126	0
0.127	0
0.128	0
0.129	0
0.13	0
0.131	0
0.132	0
0.133	0
0.134	0
0.135	0
0.136	0
0.137	0
0.138	0
0.139	0
0.14	0
0.141	0
0.142	0
0.143	0
0.144	0
0.145	0
0.146	0
0.147	0
0.148	0
0.149	0
0.15	0
0.151	0
0.152	0
0.153	0
0.154	0
0.155	0
0.156	0
0.157	0
0.158	0
0.159	0
0.16	0
0.161	0
0.162	0
0.163	0
0.164	0
0.165	0
0.166	0
0.167	0
0.168	0
0.169	0
0.17	0
0.171	0
0.172	0
0.173	0
0.174	0
0.175	0
0.176	0
0.177	0
0.178	0
0.179	0
0.18	0
0.181	0
0.182	0
0.183	0
0.184	0
0.185	0
0.186	0
0.187	0
0.188	0
0.189	4
0.19	8
0.191	8
0.192	8
0.193	9
0.194	9
0.195	10
0.196	10
0.197	10
0.198	10
0.199	10
0.2	10
0.201	10
0.202	10
0.203	10
0.204	10
0.205	10
0.206	10
0.207	9
0.208	9
0.209	9
0.21	9
0.211	9
0.212	9
0.213	9
0.214	10
0.215	10
0.216	10
0.217	10
0.218	10
0.219	10
0.22	10
0.221	10
0.222	9
0.223	9
0.224	10
0.225	10
0.226	6
0.227	9
0.228	9
0.229	6
0.23	5
0.231	6
0.232	8
0.233	9
0.234	9
0.235	8
0.236	7
0.237	9
0.238	10
0.239	10
0.24	10
0.241	10
0.242	10
0.243	10
0.244	10
0.245	10
0.246	10
0.247	10
0.248	10
0.249	10
0.25	10
0.251	10
0.252	8
0.253	8
0.254	7
0.255	7
0.256	8
0.257	8
0.258	8
0.259	8
0.26	9
0.261	9
0.262	10
0.263	10
0.264	10
0.265	10
0.266	9
0.267	10
0.268	8
0.269	9
0.27	10
0.271	10
0.272	10
0.273	10
0.274	9
0.275	9
0.276	9
0.277	10
0.278	10
0.279	10
0.28	9
0.281	9
0.282	9
0.283	8
0.284	10
0.285	10
0.286	10
0.287	10
0.288	9
0.289	10
0.29	10
0.291	10
0.292	7
0.293	9
0.294	9
0.295	9
0.296	9
0.297	9
0.298	10
0.299	10
0.3	10
0.301	10
0.302	10
0.303	10
0.304	10
0.305	10
0.306	10
0.307	9
0.308	10
0.309	10
0.31	10
0.311	10
0.312	10
0.313	10
0.314	10
0.315	10
0.316	10
0.317	10
0.318	10
0.319	10
0.32	8
0.321	7
0.322	7
0.323	10
0.324	10
0.325	10
0.326	10
0.327	10
0.328	9
0.329	9
0.33	10
0.331	10
0.332	10
0.333	10
0.334	10
0.335	10
0.336	10
0.337	10
0.338	10
0.339	10
0.34	10
0.341	10
0.342	10
0.343	10
0.344	10
0.345	10
0.346	10
0.347	10
0.348	10
0.349	10
0.35	7
0.351	9
0.352	10
0.353	10
0.354	10
0.355	10
0.356	10
0.357	10
0.358	10
0.359	10
0.36	10
0.361	10
0.362	10
0.363	10
0.364	10
0.365	10
0.366	10
0.367	10
0.368	10
0.369	9
0.37	9
0.371	9
0.372	10
0.373	10
0.374	10
0.375	10
0.376	9
0.377	9
0.378	9
0.379	10
0.38	10
0.381	10
0.382	10
0.383	10
0.384	6
0.385	6
0.386	9
0.387	9
0.388	10
0.389	10
0.39	10
0.391	10
0.392	10
0.393	7
0.394	10
0.395	10
0.396	10
0.397	10
0.398	10
0.399	10
0.4	8
0.401	8
0.402	8
0.403	4
0.404	4
0.405	4
0.406	4
0.407	9
0.408	9
0.409	9
0.41	9
0.411	10
0.412	10
0.413	10
0.414	10
0.415	10
0.416	10
0.417	10
0.418	10
0.419	10
0.42	7
0.421	9
0.422	10
0.423	10
0.424	10
0.425	10
0.426	10
0.427	10
0.428	10
0.429	10
0.43	10
0.431	10
0.432	10
0.433	10
0.434	10
0.435	10
0.436	10
0.437	10
0.438	10
0.439	10
0.44	10
0.441	10
0.442	9
0.443	9
0.444	10
0.445	10
0.446	10
0.447	10
0.448	10
0.449	10
0.45	10
0.451	10
0.452	10
0.453	10
0.454	10
0.455	10
0.456	10
0.457	10
0.458	10
0.459	10
0.46	10
0.461	10
0.462	8
0.463	8
0.464	10
0.465	10
0.466	8
0.467	8
0.468	10
0.469	10
0.47	10
0.471	10
0.472	10
0.473	10
0.474	10
0.475	10
0.476	10
0.477	9
0.478	9
0.479	10
0.48	9
0.481	9
0.482	10
0.483	10
0.484	10
0.485	10
0.486	8
0.487	8
0.488	10
0.489	10
0.49	10
0.491	10
0.492	10
0.493	10
0.494	10
0.495	10
0.496	10
0.497	10
0.498	8
0.499	9
0.5	10
0.501	10
0.502	10
0.503	10
0.504	10
0.505	10
0.506	10
0.507	10
0.508	10
0.509	10
0.51	10
0.511	10
0.512	10
0.513	10
0.514	10
0.515	10
0.516	10
0.517	10
0.518	10
0.519	10
0.52	10
0.521	9
0.522	9
0.523	9
0.524	9
0.525	9
0.526	9
0.527	9
0.528	9
0.529	10
0.53	7
0.531	7
0.532	10
0.533	10
0.534	10
0.535	10
0.536	10
0.537	10
0.538	10
0.539	10
0.54	10
0.541	10
0.542	10
0.543	10
0.544	10
0.545	10
0.546	8
0.547	8
0.548	10
0.549	10
0.55	10
0.551	10
0.552	8
0.553	9
0.554	9
0.555	10
0.556	10
0.557	10
0.558	10
0.559	10
0.56	10
0.561	10
0.562	10
0.563	10
0.564	6
0.565	6
0.566	10
0.567	10
0.568	10
0.569	10
0.57	10
0.571	10
0.572	10
0.573	10
0.574	10
0.575	10
0.576	8
0.577	9
0.578	10
0.579	10
0.58	10
0.581	10
0.582	9
0.583	9
0.584	10
0.585	10
0.586	10
0.587	10
0.588	8
0.589	9
0.59	9
0.591	9
0.592	9
0.593	7
0.594	7
0.595	7
0.596	7
0.597	7
0.598	10
0.599	10
0.6	10
0.601	10
0.602	10
0.603	10
0.604	10
0.605	10
0.606	10
0.607	10
0.608	10
0.609	9
0.61	9
0.611	10
0.612	10
0.613	10
0.614	4
0.615	9
0.616	9
0.617	9
0.618	10
0.619	10
0.62	10
0.621	10
0.622	6
0.623	6
0.624	10
0.625	10
0.626	10
0.627	10
0.628	10
0.629	10
0.63	10
0.631	10
0.632	8
0.633	9
0.634	10
0.635	10
0.636	10
0.637	10
0.638	10
0.639	10
0.64	9
0.641	9
0.642	9
0.643	10
0.644	9
0.645	10
0.646	10
0.647	10
0.648	10
0.649	10
0.65	10
0.651	10
0.652	10
0.653	10
0.654	10
0.655	10
0.656	10
0.657	10
0.658	9
0.659	9
0.66	9
0.661	7
0.662	10
0.663	10
0.664	10
0.665	10
0.666	10
0.667	10
0.668	10
0.669	10
0.67	9
0.671	9
0.672	10
0.673	10
0.674	10
0.675	10
0.676	8
0.677	9
0.678	9
0.679	9
0.68	10
0.681	10
0.682	10
0.683	9
0.684	9
0.685	9
0.686	9
0.687	10
0.688	10
0.689	10
0.69	10
0.691	10
0.692	7
0.693	9
0.694	10
0.695	10
0.696	10
0.697	10
0.698	10
0.699	10
0.7	9
0.701	9
0.702	10
0.703	10
0.704	10
0.705	10
0.706	10
0.707	10
0.708	8
0.709	7
0.71	10
0.711	10
0.712	10
0.713	10
0.714	10
0.715	10
0.716	10
0.717	10
0.718	10
0.719	10
0.72	10
0.721	10
0.722	10
0.723	10
0.724	9
0.725	9
0.726	10
0.727	10
0.728	10
0.729	9
0.73	9
0.731	10
0.732	9
0.733	9
0.734	9
0.735	7
0.736	7
0.737	9
0.738	6
0.739	9
0.74	10
0.741	10
0.742	10
0.743	10
0.744	10
0.745	10
0.746	10
0.747	10
0.748	10
0.749	10
0.75	10
0.751	10
0.752	10
0.753	10
0.754	10
0.755	10
0.756	10
0.757	10
0.758	6
0.759	7
0.76	10
0.761	7
0.762	7
0.763	9
0.764	8
0.765	8
0.766	10
0.767	10
0.768	10
0.769	10
0.77	10
0.771	10
0.772	9
0.773	9
0.774	10
0.775	10
0.776	10
0.777	10
0.778	8
0.779	8
0.78	10
0.781	10
0.782	10
0.783	10
0.784	10
0.785	10
0.786	10
0.787	10
0.788	10
0.789	10
0.79	9
0.791	8
0.792	10
0.793	10
0.794	10
0.795	10
0.796	9
0.797	10
0.798	9
0.799	10
0.8	10
0.801	10
0.802	10
0.803	10
0.804	10
0.805	10
0.806	9
0.807	8
0.808	10
0.809	10
0.81	10
0.811	9
0.812	9
0.813	9
0.814	10
0.815	10
0.816	10
0.817	10
0.818	10
0.819	10
0.82	10
0.821	10
0.822	10
0.823	10
0.824	10
0.825	10
0.826	9
0.827	7
0.828	10
0.829	10
0.83	10
0.831	10
0.832	10
0.833	10
0.834	10
0.835	10
0.836	10
0.837	10
0.838	10
0.839	10
0.84	10
0.841	10
0.842	10
0.843	10
0.844	10
0.845	10
0.846	10
0.847	10
0.848	8
0.849	8
0.85	10
0.851	10
0.852	10
0.853	10
0.854	10
0.855	10
0.856	9
0.857	9
0.858	10
0.859	10
0.86	10
0.861	10
0.862	10
0.863	7
0.864	10
0.865	10
0.866	10
0.867	10
0.868	10
0.869	10
0.87	10
0.871	10
0.872	10
0.873	10
0.874	10
0.875	10
0.876	10
0.877	10
0.878	10
0.879	10
0.88	10
0.881	10
0.882	10
0.883	10
0.884	10
0.885	10
0.886	10
0.887	10
0.888	10
0.889	10
0.89	10
0.891	10
0.892	10
0.893	10
0.894	10
0.895	10
0.896	10
0.897	10
0.898	10
0.899	10
0.9	10
0.901	10
0.902	10
0.903	10
0.904	10
0.905	10
0.906	10
0.907	10
0.908	10
0.909	10
0.91	10
0.911	10
0.912	10
0.913	10
0.914	9
0.915	9
0.916	9
0.917	10
0.918	10
0.919	10
0.92	6
0.921	6
0.922	10
0.923	10
0.924	10
0.925	10
0.926	9
0.927	9
0.928	10
0.929	10
0.93	9
0.931	9
0.932	10
0.933	10
0.934	7
0.935	7
0.936	10
0.937	10
0.938	10
0.939	10
0.94	10
0.941	10
0.942	10
0.943	10
0.944	10
0.945	10
0.946	10
0.947	10
0.948	10
0.949	10
0.95	10
0.951	10
0.952	10
0.953	10
0.954	10
0.955	10
0.956	10
0.957	10
0.958	10
0.959	10
0.96	10
0.961	10
0.962	10
0.963	10
0.964	10
0.965	10
0.966	10
0.967	10
0.968	9
0.969	9
0.97	10
0.971	10
0.972	10
0.973	10
0.974	10
0.975	10
0.976	10
0.977	10
0.978	9
0.979	9
0.98	10
0.981	10
0.982	10
0.983	10
0.984	9
0.985	8
0.986	10
0.987	10
0.988	10
0.989	10
0.99	9
0.991	9
0.992	9
0.993	10
0.994	10
0.995	7
0.996	10
0.997	10
0.998	10
0.999	9
1	9
1.001	7
1.002	7
1.003	7
1.004	10
1.005	10
1.006	10
1.007	10
1.008	7
1.009	9
1.01	10
1.011	10
1.012	10
1.013	10
1.014	10
1.015	10
1.016	10
1.017	10
1.018	10
1.019	10
1.02	10
1.021	10
1.022	10
1.023	10
1.024	9
1.025	8
1.026	10
1.027	9
1.028	10
1.029	10
1.03	10
1.031	10
1.032	8
1.033	8
1.034	10
1.035	10
1.036	8
1.037	7
1.038	10
1.039	10
1.04	10
1.041	10
1.042	10
1.043	10
1.044	10
1.045	10
1.046	10
1.047	10
1.048	10
1.049	10
1.05	10
1.051	10
1.052	10
1.053	10
1.054	10
1.055	10
1.056	10
1.057	10
1.058	10
1.059	10
1.06	10
1.061	9
1.062	10
1.063	10
1.064	10
1.065	9
1.066	10
1.067	10
1.068	10
1.069	10
1.07	10
1.071	10
1.072	10
1.073	10
1.074	8
1.075	8
1.076	10
1.077	10
1.078	10
1.079	10
1.08	10
1.081	10
1.082	10
1.083	10
1.084	10
1.085	10
1.086	9
1.087	9
1.088	9
1.089	9
1.09	10
1.091	10
1.092	10
1.093	10
1.094	10
1.095	10
1.096	9
1.097	9
1.098	10
1.099	10
1.1	10
1.101	10
1.102	8
1.103	9
1.104	9
1.105	9
1.106	10
1.107	10
1.108	10
1.109	10
1.11	9
1.111	10
1.112	10
1.113	9
1.114	9
1.115	9
1.116	9
1.117	10
1.118	10
1.119	9
1.12	10
1.121	10
1.122	10
1.123	10
1.124	9
1.125	9
1.126	10
1.127	10
1.128	8
1.129	8
1.13	10
1.131	10
1.132	10
1.133	10
1.134	10
1.135	10
1.136	8
1.137	7
1.138	10
1.139	10
1.14	10
1.141	10
1.142	10
1.143	10
1.144	10
1.145	10
1.146	9
1.147	6
1.148	9
1.149	7
1.15	10
1.151	10
1.152	10
1.153	10
1.154	10
1.155	10
1.156	7
1.157	10
1.158	10
1.159	10
1.16	10
1.161	10
1.162	10
1.163	10
1.164	10
1.165	10
1.166	10
1.167	10
1.168	10
1.169	10
1.17	10
1.171	10
1.172	8
1.173	8
1.174	10
1.175	10
1.176	10
1.177	10
1.178	8
1.179	8
1.18	9
1.181	9
1.182	10
1.183	10
1.184	10
1.185	10
1.186	10
1.187	10
1.188	9
1.189	9
1.19	9
1.191	10
1.192	10
1.193	10
1.194	10
1.195	10
1.196	10
1.197	10
1.198	10
1.199	10
1.2	9
1.201	10
1.202	10
1.203	10
1.204	10
1.205	10
1.206	8
1.207	8
1.208	10
1.209	10
1.21	10
1.211	10
1.212	10
1.213	10
1.214	10
1.215	9
1.216	10
1.217	10
1.218	10
1.219	10
1.22	10
1.221	9
1.222	10
1.223	10
1.224	10
1.225	10
1.226	10
1.227	10
1.228	10
1.229	10
1.23	7
1.231	10
1.232	10
1.233	10
1.234	10
1.235	10
1.236	10
1.237	10
1.238	8
1.239	8
1.24	9
1.241	7
1.242	10
1.243	10
1.244	10
1.245	10
1.246	10
1.247	10
1.248	10
1.249	10
1.25	9
1.251	7
1.252	8
1.253	7
1.254	7
1.255	9
1.256	10
1.257	10
1.258	10
1.259	10
1.26	10
1.261	10
1.262	10
1.263	10
1.264	10
1.265	10
1.266	10
1.267	10
1.268	8
1.269	8
1.27	10
1.271	10
1.272	10
1.273	10
1.274	10
1.275	9
1.276	9
1.277	10
1.278	10
1.279	10
1.28	6
1.281	9
1.282	6
1.283	6
1.284	6
1.285	9
1.286	9
1.287	10
1.288	10
1.289	10
1.29	10
1.291	10
1.292	10
1.293	10
1.294	10
1.295	10
1.296	9
1.297	9
1.298	10
1.299	10
1.3	10
1.301	10
1.302	10
1.303	10
1.304	10
1.305	10
1.306	10
1.307	10
1.308	10
1.309	10
1.31	10
1.311	10
1.312	10
1.313	7
1.314	10
1.315	7
1.316	10
1.317	10
1.318	7
1.319	10
1.32	10
1.321	10
1.322	9
1.323	9
1.324	9
1.325	5
1.326	5
1.327	9
1.328	8
1.329	8
1.33	8
1.331	8
1.332	7
1.333	9
1.334	10
1.335	10
1.336	10
1.337	10
1.338	10
1.339	10
1.34	10
1.341	10
1.342	10
1.343	10
1.344	10
1.345	10
1.346	10
1.347	10
1.348	6
1.349	6
1.35	10
1.351	10
1.352	10
1.353	9
1.354	9
1.355	9
1.356	9
1.357	9
1.358	10
1.359	10
1.36	7
1.361	9
1.362	9
1.363	10
1.364	10
1.365	10
1.366	10
1.367	10
1.368	10
1.369	10
1.37	10
1.371	10
1.372	10
1.373	10
1.374	10
1.375	10
1.376	10
1.377	10
1.378	10
1.379	10
1.38	10
1.381	10
1.382	7
1.383	7
1.384	10
1.385	10
1.386	10
1.387	10
1.388	8
1.389	8
1.39	6
1.391	6
1.392	10
1.393	9
1.394	9
1.395	9
1.396	9
1.397	9
1.398	10
1.399	10
1.4	8
1.401	8
1.402	10
1.403	10
1.404	8
1.405	8
1.406	8
1.407	8
1.408	10
1.409	10
1.41	8
1.411	8
1.412	8
1.413	8
1.414	10
1.415	10
1.416	10
1.417	10
1.418	9
1.419	7
1.42	10
1.421	10
1.422	10
1.423	10
1.424	8
1.425	8
1.426	7
1.427	7
1.428	7
1.429	7
1.43	10
1.431	10
1.432	10
1.433	10
1.434	10
1.435	10
1.436	10
1.437	10
1.438	10
1.439	10
1.44	10
1.441	10
1.442	10
1.443	10
1.444	10
1.445	10
1.446	10
1.447	10
1.448	10
1.449	10
1.45	9
1.451	5
1.452	10
1.453	10
1.454	8
1.455	7
1.456	10
1.457	10
1.458	10
1.459	10
1.46	10
1.461	10
1.462	10
1.463	10
1.464	10
1.465	10
1.466	10
1.467	10
1.468	10
1.469	10
1.47	10
1.471	10
1.472	10
1.473	10
1.474	10
1.475	10
1.476	10
1.477	10
1.478	10
1.479	10
1.48	10
1.481	10
1.482	10
1.483	10
1.484	10
1.485	10
1.486	10
1.487	10
1.488	10
1.489	10
1.49	8
1.491	8
1.492	10
1.493	10
1.494	7
1.495	9
1.496	10
1.497	10
1.498	10
1.499	10
1.5	10
1.501	10
1.502	10
1.503	10
1.504	10
1.505	10
1.506	10
1.507	10
1.508	10
1.509	10
1.51	10
1.511	10
1.512	10
1.513	10
1.514	7
1.515	9
1.516	10
1.517	10
1.518	9
1.519	8
1.52	10
1.521	10
1.522	9
1.523	9
1.524	10
1.525	10
1.526	10
1.527	10
1.528	10
1.529	10
1.53	10
1.531	10
1.532	7
1.533	9
1.534	9
1.535	8
1.536	10
1.537	10
1.538	10
1.539	10
1.54	10
1.541	10
1.542	10
1.543	10
1.544	10
1.545	10
1.546	9
1.547	9
1.548	10
1.549	10
1.55	8
1.551	8
1.552	6
1.553	9
1.554	10
1.555	10
1.556	10
1.557	10
1.558	10
1.559	10
1.56	10
1.561	10
1.562	10
1.563	10
1.564	10
1.565	10
1.566	10
1.567	10
1.568	10
1.569	10
1.57	10
1.571	10
1.572	10
1.573	10
1.574	10
1.575	10
1.576	10
1.577	10
1.578	9
1.579	5
1.58	10
1.581	10
1.582	10
1.583	10
1.584	6
1.585	6
1.586	10
1.587	10
1.588	10
1.589	10
1.59	10
1.591	10
1.592	10
1.593	10
1.594	10
1.595	10
1.596	9
1.597	10
1.598	10
1.599	10
1.6	10
1.601	10
1.602	10
1.603	10
1.604	9
1.605	9
1.606	10
1.607	10
1.608	10
1.609	10
1.61	9
1.611	10
1.612	10
1.613	10
1.614	10
1.615	9
1.616	9
1.617	9
1.618	10
1.619	10
1.62	10
1.621	10
1.622	10
1.623	10
1.624	10
1.625	10
1.626	10
1.627	10
1.628	9
1.629	9
1.63	9
1.631	8
1.632	8
1.633	8
1.634	10
1.635	10
1.636	10
1.637	10
1.638	8
1.639	9
1.64	10
1.641	10
1.642	10
1.643	10
1.644	10
1.645	10
1.646	10
1.647	10
1.648	10
1.649	10
1.65	10
1.651	10
1.652	8
1.653	8
1.654	8
1.655	8
1.656	10
1.657	10
1.658	10
1.659	10
1.66	10
1.661	9
1.662	10
1.663	10
1.664	10
1.665	10
1.666	10
1.667	10
1.668	8
1.669	8
1.67	10
1.671	10
1.672	10
1.673	10
1.674	9
1.675	8
1.676	10
1.677	10
1.678	10
1.679	10
1.68	8
1.681	8
1.682	10
1.683	10
1.684	10
1.685	10
1.686	10
1.687	10
1.688	10
1.689	10
1.69	7
1.691	10
1.692	10
1.693	10
1.694	10
1.695	10
1.696	9
1.697	9
1.698	10
1.699	10
1.7	10
1.701	10
1.702	8
1.703	8
1.704	10
1.705	10
1.706	7
1.707	7
1.708	7
1.709	8
1.71	10
1.711	10
1.712	10
1.713	10
1.714	10
1.715	10
1.716	10
1.717	10
1.718	10
1.719	10
1.72	10
1.721	9
1.722	10
1.723	10
1.724	6
1.725	6
1.726	10
1.727	10
1.728	9
1.729	10
1.73	10
1.731	10
1.732	10
1.733	10
1.734	10
1.735	10
1.736	10
1.737	10
1.738	9
1.739	8
1.74	10
1.741	10
1.742	10
1.743	9
1.744	9
1.745	10
1.746	9
1.747	7
1.748	10
1.749	10
1.75	10
1.751	10
1.752	9
1.753	10
1.754	9
1.755	8
1.756	5
1.757	9
1.758	8
1.759	8
1.76	10
1.761	10
1.762	10
1.763	10
1.764	10
1.765	10
1.766	10
1.767	10
1.768	10
1.769	10
1.77	10
1.771	10
1.772	10
1.773	10
1.774	9
1.775	9
1.776	9
1.777	8
1.778	10
1.779	10
1.78	10
1.781	10
1.782	10
1.783	10
1.784	10
1.785	10
1.786	10
1.787	10
1.788	10
1.789	10
1.79	10
1.791	10
1.792	9
1.793	10
1.794	10
1.795	10
1.796	10
1.797	10
1.798	10
1.799	10
1.8	10
1.801	10
1.802	10
1.803	10
1.804	8
1.805	8
1.806	10
1.807	10
1.808	10
1.809	10
1.81	10
1.811	10
1.812	9
1.813	9
1.814	10
1.815	10
1.816	10
1.817	10
1.818	10
1.819	10
1.82	10
1.821	10
1.822	10
1.823	10
1.824	10
1.825	10
1.826	10
1.827	10
1.828	10
1.829	10
1.83	10
1.831	9
1.832	10
1.833	10
1.834	9
1.835	8
1.836	10
1.837	10
1.838	10
1.839	10
1.84	10
1.841	10
1.842	10
1.843	10
1.844	9
1.845	9
1.846	10
1.847	10
1.848	10
1.849	10
1.85	10
1.851	10
1.852	9
1.853	6
1.854	8
1.855	9
1.856	9
1.857	9
1.858	10
1.859	10
1.86	10
1.861	10
1.862	9
1.863	10
1.864	10
1.865	10
1.866	9
1.867	9
1.868	10
1.869	10
1.87	7
1.871	7
1.872	10
1.873	10
1.874	10
1.875	10
1.876	9
1.877	9
1.878	10
1.879	10
1.88	9
1.881	10
1.882	9
1.883	8
1.884	8
1.885	8
1.886	10
1.887	10
1.888	10
1.889	10
1.89	10
1.891	10
1.892	10
1.893	10
1.894	10
1.895	10
1.896	10
1.897	10
1.898	9
1.899	9
1.9	10
1.901	10
1.902	10
1.903	10
1.904	9
1.905	9
1.906	9
1.907	10
1.908	9
1.909	9
1.91	10
1.911	10
1.912	10
1.913	10
1.914	9
1.915	9
1.916	9
1.917	9
1.918	9
1.919	9
1.92	9
1.921	10
1.922	10
1.923	9
1.924	10
1.925	10
1.926	10
1.927	10
1.928	9
1.929	10
1.93	10
1.931	10
1.932	10
1.933	10
1.934	10
1.935	10
1.936	10
1.937	10
1.938	10
1.939	10
1.94	9
1.941	9
1.942	10
1.943	10
1.944	8
1.945	9
1.946	9
1.947	6
1.948	7
1.949	9
1.95	9
1.951	9
1.952	9
1.953	9
1.954	10
1.955	9
1.956	9
1.957	9
1.958	8
1.959	8
1.96	10
1.961	10
1.962	10
1.963	9
1.964	9
1.965	8
1.966	10
1.967	10
1.968	10
1.969	10
1.97	10
1.971	10
1.972	7
1.973	7
1.974	7
1.975	10
1.976	7
1.977	9
1.978	10
1.979	10
1.98	10
1.981	10
1.982	8
1.983	7
1.984	8
1.985	8
1.986	10
1.987	10
1.988	10
1.989	10
1.99	10
1.991	9
1.992	9
1.993	9
1.994	10
1.995	10
1.996	10
1.997	10
1.998	10
1.999	10
2	10
2.001	10
2.002	10
2.003	10
2.004	10
2.005	10
2.006	10
2.007	10
2.008	10
2.009	10
2.01	10
2.011	10
2.012	10
2.013	10
2.014	10
2.015	10
2.016	10
2.017	10
2.018	8
2.019	9
2.02	9
2.021	7
2.022	7
2.023	7
2.024	7
2.025	10
2.026	7
2.027	9
2.028	9
2.029	7
2.03	7
2.031	10
2.032	9
2.033	7
2.034	7
2.035	7
2.036	7
2.037	10
2.038	10
2.039	7
2.04	7
2.041	7
2.042	10
2.043	10
2.044	10
2.045	10
2.046	10
2.047	10
2.048	10
2.049	10
2.05	8
2.051	8
2.052	6
2.053	6
2.054	10
2.055	10
2.056	10
2.057	10
2.058	10
2.059	10
2.06	10
2.061	10
2.062	10
2.063	10
2.064	10
2.065	10
2.066	9
2.067	7
2.068	10
2.069	10
2.07	10
2.071	10
2.072	10
2.073	10
2.074	10
2.075	10
2.076	9
2.077	9
2.078	10
2.079	10
2.08	10
2.081	10
2.082	10
2.083	10
2.084	10
2.085	10
2.086	10
2.087	10
2.088	10
2.089	10
2.09	10
2.091	10
2.092	10
2.093	10
2.094	10
2.095	10
2.096	10
2.097	10
2.098	10
2.099	10
2.1	10
2.101	10
2.102	10
2.103	10
2.104	10
2.105	10
2.106	10
2.107	10
2.108	8
2.109	9
2.11	9
2.111	6
2.112	6
2.113	6
2.114	7
2.115	6
2.116	10
2.117	7
2.118	10
2.119	10
2.12	10
2.121	10
2.122	10
2.123	10
2.124	10
2.125	10
2.126	10
2.127	10
2.128	10
2.129	10
2.13	10
2.131	10
2.132	10
2.133	10
2.134	10
2.135	10
2.136	10
2.137	10
2.138	10
2.139	10
2.14	10
2.141	10
2.142	10
2.143	10
2.144	10
2.145	10
2.146	10
2.147	10
2.148	10
2.149	10
2.15	10
2.151	10
2.152	5
2.153	8
2.154	5
2.155	8
2.156	10
2.157	10
2.158	10
2.159	10
2.16	9
2.161	9
2.162	10
2.163	9
2.164	9
2.165	10
2.166	10
2.167	10
2.168	10
2.169	10
2.17	10
2.171	9
2.172	10
2.173	10
2.174	9
2.175	10
2.176	8
2.177	9
2.178	9
2.179	9
2.18	10
2.181	10
2.182	10
2.183	10
2.184	10
2.185	10
2.186	9
2.187	5
2.188	10
2.189	10
2.19	10
2.191	10
2.192	9
2.193	7
2.194	10
2.195	10
2.196	8
2.197	9
2.198	9
2.199	9
2.2	9
2.201	10
2.202	7
2.203	9
2.204	9
2.205	6
2.206	10
2.207	9
2.208	10
2.209	10
2.21	9
2.211	9
2.212	10
2.213	10
2.214	10
2.215	10
2.216	9
2.217	7
2.218	10
2.219	7
2.22	7
2.221	10
2.222	10
2.223	10
2.224	10
2.225	10
2.226	10
2.227	10
2.228	10
2.229	10
2.23	10
2.231	10
2.232	10
2.233	10
2.234	10
2.235	10
2.236	10
2.237	10
2.238	10
2.239	10
2.24	8
2.241	8
2.242	9
2.243	8
2.244	10
2.245	10
2.246	8
2.247	8
2.248	10
2.249	10
2.25	10
2.251	10
2.252	10
2.253	10
2.254	8
2.255	7
2.256	10
2.257	10
2.258	10
2.259	10
2.26	10
2.261	10
2.262	10
2.263	10
2.264	10
2.265	10
2.266	10
2.267	10
2.268	10
2.269	10
2.27	10
2.271	10
2.272	8
2.273	9
2.274	10
2.275	10
2.276	10
2.277	10
2.278	8
2.279	8
2.28	10
2.281	10
2.282	10
2.283	9
2.284	9
2.285	10
2.286	8
2.287	9
2.288	10
2.289	10
2.29	10
2.291	10
2.292	10
2.293	10
2.294	9
2.295	9
2.296	10
2.297	9
2.298	10
2.299	10
2.3	10
2.301	10
2.302	10
2.303	10
2.304	10
2.305	9
2.306	9
2.307	8
2.308	9
2.309	9
2.31	10
2.311	10
2.312	10
2.313	10
2.314	9
2.315	7
2.316	10
2.317	10
2.318	10
2.319	10
2.32	9
2.321	10
2.322	10
2.323	10
2.324	7
2.325	8
2.326	10
2.327	10
2.328	10
2.329	9
2.33	8
2.331	8
2.332	10
2.333	10
2.334	10
2.335	10
2.336	6
2.337	6
2.338	10
2.339	10
2.34	10
2.341	10
2.342	7
2.343	9
2.344	10
2.345	10
2.346	10
2.347	10
2.348	10
2.349	9
2.35	10
2.351	10
2.352	8
2.353	9
2.354	10
2.355	9
2.356	10
2.357	10
2.358	10
2.359	10
2.36	10
2.361	10
2.362	10
2.363	10
2.364	9
2.365	9
2.366	9
2.367	9
2.368	9
2.369	9
2.37	10
2.371	10
2.372	10
2.373	10
2.374	8
2.375	9
2.376	10
2.377	10
2.378	10
2.379	10
2.38	7
2.381	7
2.382	7
2.383	9
2.384	10
2.385	10
2.386	8
2.387	9
2.388	10
2.389	10
2.39	9
2.391	10
2.392	10
2.393	10
2.394	10
2.395	10
2.396	10
2.397	10
2.398	10
2.399	10
2.4	10
2.401	10
2.402	8
2.403	8
2.404	10
2.405	10
2.406	9
2.407	9
2.408	10
2.409	10
2.41	10
2.411	10
2.412	10
2.413	10
2.414	10
2.415	10
2.416	10
2.417	10
2.418	10
2.419	10
2.42	10
2.421	10
2.422	10
2.423	10
2.424	10
2.425	10
2.426	9
2.427	9
2.428	10
2.429	10
2.43	10
2.431	10
2.432	7
2.433	9
2.434	10
2.435	10
2.436	9
2.437	9
2.438	10
2.439	10
2.44	10
2.441	10
2.442	10
2.443	10
2.444	10
2.445	10
2.446	8
2.447	8
2.448	8
2.449	8
2.45	10
2.451	9
2.452	9
2.453	10
2.454	8
2.455	8
2.456	10
2.457	10
2.458	10
2.459	10
2.46	10
2.461	10
2.462	10
2.463	10
2.464	10
2.465	10
2.466	10
2.467	10
2.468	10
2.469	10
2.47	10
2.471	9
2.472	10
2.473	10
2.474	10
2.475	10
2.476	6
2.477	9
2.478	9
2.479	9
2.48	10
2.481	10
2.482	10
2.483	10
2.484	10
2.485	10
2.486	10
2.487	10
2.488	8
2.489	8
2.49	10
2.491	10
2.492	10
2.493	10
2.494	7
2.495	10
2.496	10
2.497	10
2.498	10
2.499	10
2.5	8
2.501	8
2.502	10
2.503	10
2.504	10
2.505	10
2.506	9
2.507	8
2.508	10
2.509	10
2.51	10
2.511	10
2.512	9
2.513	9
2.514	10
2.515	9
2.516	9
2.517	9
2.518	9
2.519	9
2.52	10
2.521	10
2.522	8
2.523	8
2.524	10
2.525	10
2.526	10
2.527	10
2.528	8
2.529	8
2.53	10
2.531	10
2.532	10
2.533	10
2.534	8
2.535	8
2.536	8
2.537	8
2.538	8
2.539	7
2.54	7
2.541	7
2.542	10
2.543	10
2.544	10
2.545	10
2.546	10
2.547	10
2.548	10
2.549	10
2.55	10
2.551	10
2.552	10
2.553	10
2.554	6
2.555	6
2.556	7
2.557	9
2.558	9
2.559	9
2.56	10
2.561	10
2.562	10
2.563	10
2.564	10
2.565	10
2.566	10
2.567	10
2.568	10
2.569	7
2.57	10
2.571	10
2.572	10
2.573	10
2.574	10
2.575	10
2.576	7
2.577	7
2.578	10
2.579	10
2.58	10
2.581	10
2.582	7
2.583	7
2.584	10
2.585	10
2.586	10
2.587	10
2.588	10
2.589	10
2.59	10
2.591	10
2.592	10
2.593	10
2.594	10
2.595	10
2.596	10
2.597	9
2.598	10
2.599	10
2.6	10
2.601	10
2.602	10
2.603	10
2.604	10
2.605	9
2.606	9
2.607	9
2.608	9
2.609	10
2.61	8
2.611	9
2.612	9
2.613	8
2.614	10
2.615	10
2.616	10
2.617	10
2.618	10
2.619	10
2.62	9
2.621	8
2.622	8
2.623	8
2.624	6
2.625	6
2.626	10
2.627	10
2.628	10
2.629	10
2.63	8
2.631	9
2.632	10
2.633	10
2.634	10
2.635	10
2.636	10
2.637	9
2.638	9
2.639	8
2.64	10
2.641	9
2.642	9
2.643	10
2.644	10
2.645	10
2.646	9
2.647	9
2.648	10
2.649	10
2.65	9
2.651	10
2.652	10
2.653	10
2.654	10
2.655	10
2.656	9
2.657	9
2.658	10
2.659	10
2.66	10
2.661	10
2.662	10
2.663	10
2.664	10
2.665	10
2.666	10
2.667	10
2.668	10
2.669	10
2.67	10
2.671	10
2.672	10
2.673	10
2.674	10
2.675	10
2.676	10
2.677	10
2.678	10
2.679	10
2.68	10
2.681	10
2.682	5
2.683	9
2.684	10
2.685	10
2.686	10
2.687	10
2.688	8
2.689	5
2.69	5
2.691	9
2.692	10
2.693	7
2.694	7
2.695	10
2.696	10
2.697	10
2.698	10
2.699	10
2.7	10
2.701	10
2.702	10
2.703	10
2.704	3
2.705	9
2.706	10
2.707	10
2.708	10
2.709	10
2.71	10
2.711	10
2.712	10
2.713	10
2.714	9
2.715	9
2.716	9
2.717	9
2.718	10
2.719	10
2.72	10
2.721	10
2.722	10
2.723	10
2.724	10
2.725	10
2.726	10
2.727	10
2.728	9
2.729	9
2.73	10
2.731	9
2.732	9
2.733	9
2.734	9
2.735	8
2.736	10
2.737	10
2.738	10
2.739	10
2.74	10
2.741	10
2.742	10
2.743	10
2.744	10
2.745	10
2.746	10
2.747	10
2.748	10
2.749	10
2.75	10
2.751	10
2.752	10
2.753	10
2.754	10
2.755	10
2.756	10
2.757	10
2.758	10
2.759	10
2.76	8
2.761	8
2.762	10
2.763	10
2.764	10
2.765	10
2.766	6
2.767	6
2.768	10
2.769	10
2.77	10
2.771	10
2.772	10
2.773	10
2.774	10
2.775	10
2.776	10
2.777	10
2.778	9
2.779	8
2.78	10
2.781	10
2.782	10
2.783	10
2.784	10
2.785	10
2.786	9
2.787	9
2.788	10
2.789	10
2.79	9
2.791	10
2.792	9
2.793	8
2.794	10
2.795	10
2.796	8
2.797	8
2.798	9
2.799	9
2.8	10
2.801	10
2.802	10
2.803	10
2.804	10
2.805	10
2.806	10
2.807	10
2.808	10
2.809	10
2.81	7
2.811	9
2.812	9
2.813	9
2.814	9
2.815	9
2.816	10
2.817	10
2.818	10
2.819	10
2.82	10
2.821	9
2.822	10
2.823	10
2.824	10
2.825	10
2.826	10
2.827	10
2.828	10
2.829	10
2.83	10
2.831	10
2.832	10
2.833	10
2.834	9
2.835	8
2.836	10
2.837	10
2.838	10
2.839	10
2.84	10
2.841	9
2.842	9
2.843	9
2.844	10
2.845	10
2.846	10
2.847	10
2.848	8
2.849	9
2.85	9
2.851	9
2.852	10
2.853	10
2.854	10
2.855	10
2.856	9
2.857	9
2.858	10
2.859	10
2.86	10
2.861	10
2.862	10
2.863	10
2.864	10
2.865	10
2.866	10
2.867	10
2.868	10
2.869	10
2.87	10
2.871	10
2.872	10
2.873	10
2.874	10
2.875	10
2.876	10
2.877	10
2.878	8
2.879	8
2.88	10
2.881	10
2.882	10
2.883	10
2.884	8
2.885	9
2.886	10
2.887	10
2.888	9
2.889	10
2.89	8
2.891	9
2.892	10
2.893	10
2.894	10
2.895	10
2.896	10
2.897	10
2.898	10
2.899	10
2.9	10
2.901	10
2.902	10
2.903	10
2.904	10
2.905	10
2.906	9
2.907	9
2.908	10
2.909	10
2.91	10
2.911	9
2.912	10
2.913	10
2.914	9
2.915	10
2.916	8
2.917	8
2.918	10
2.919	10
2.92	9
2.921	7
2.922	10
2.923	10
2.924	10
2.925	10
2.926	10
2.927	10
2.928	9
2.929	9
2.93	10
2.931	10
2.932	10
2.933	10
2.934	8
2.935	8
2.936	9
2.937	9
2.938	9
2.939	9
2.94	9
2.941	9
2.942	10
2.943	10
2.944	10
2.945	10
2.946	10
2.947	10
2.948	10
2.949	9
2.95	10
2.951	10
2.952	10
2.953	10
2.954	10
2.955	10
2.956	6
2.957	6
2.958	8
2.959	8
2.96	8
2.961	9
2.962	10
2.963	10
2.964	10
2.965	10
2.966	10
2.967	10
2.968	10
2.969	10
2.97	10
2.971	10
2.972	10
2.973	10
2.974	10
2.975	10
2.976	10
2.977	9
2.978	10
2.979	10
2.98	10
2.981	10
2.982	10
2.983	10
2.984	10
2.985	9
2.986	9
2.987	9
2.988	10
2.989	10
2.99	10
2.991	10
2.992	10
2.993	10
2.994	8
2.995	9
2.996	10
2.997	10
2.998	10
2.999	10
3	10
3.001	10
3.002	10
3.003	10
3.004	10
3.005	10
3.006	10
3.007	10
3.008	10
3.009	10
3.01	9
3.011	10
3.012	10
3.013	10
3.014	10
3.015	10
3.016	9
3.017	9
3.018	10
3.019	10
3.02	10
3.021	10
3.022	10
3.023	10
3.024	9
3.025	9
3.026	10
3.027	10
3.028	10
3.029	10
3.03	8
3.031	9
3.032	9
3.033	8
3.034	7
3.035	9
3.036	10
3.037	10
3.038	10
3.039	10
3.04	10
3.041	10
3.042	10
3.043	10
3.044	9
3.045	9
3.046	10
3.047	10
3.048	10
3.049	10
3.05	9
3.051	9
3.052	9
3.053	9
3.054	9
3.055	9
3.056	9
3.057	9
3.058	9
3.059	9
3.06	9
3.061	10
3.062	9
3.063	10
3.064	10
3.065	4
3.066	10
3.067	10
3.068	10
3.069	10
3.07	10
3.071	9
3.072	9
3.073	9
3.074	9
3.075	9
3.076	10
3.077	10
3.078	10
3.079	10
3.08	8
3.081	9
3.082	10
3.083	10
3.084	6
3.085	6
3.086	10
3.087	10
3.088	10
3.089	10
3.09	10
3.091	10
3.092	10
3.093	10
3.094	10
3.095	10
3.096	10
3.097	10
3.098	8
3.099	8
3.1	10
3.101	10
3.102	10
3.103	10
3.104	10
3.105	10
3.106	9
3.107	10
3.108	10
3.109	9
3.11	10
3.111	10
3.112	9
3.113	9
3.114	10
3.115	10
3.116	10
3.117	10
3.118	10
3.119	10
3.12	10
3.121	10
3.122	9
3.123	7
3.124	10
3.125	10
3.126	10
3.127	10
3.128	10
3.129	10
3.13	10
3.131	10
3.132	10
3.133	10
3.134	10
3.135	9
3.136	9
3.137	9
3.138	10
3.139	10
3.14	10
3.141	10
3.142	10
3.143	10
3.144	8
3.145	9
3.146	10
3.147	10
3.148	10
3.149	10
3.15	10
3.151	9
3.152	9
3.153	9
3.154	10
3.155	10
3.156	10
3.157	10
3.158	10
3.159	10
3.16	10
3.161	10
3.162	7
3.163	10
3.164	10
3.165	9
3.166	9
3.167	10
3.168	10
3.169	10
3.17	10
3.171	10
3.172	9
3.173	9
3.174	10
3.175	10
3.176	9
3.177	9
3.178	10
3.179	10
3.18	10
3.181	10
3.182	10
3.183	10
3.184	7
3.185	8
3.186	10
3.187	10
3.188	10
3.189	10
3.19	10
3.191	10
3.192	10
3.193	10
3.194	9
3.195	9
3.196	9
3.197	8
3.198	9
3.199	8
3.2	10
3.201	10
3.202	10
3.203	10
3.204	10
3.205	10
3.206	10
3.207	10
3.208	10
3.209	10
3.21	10
3.211	10
3.212	10
3.213	10
3.214	10
3.215	10
3.216	10
3.217	10
3.218	10
3.219	10
3.22	7
3.221	9
3.222	10
3.223	10
3.224	10
3.225	10
3.226	9
3.227	9
3.228	9
3.229	8
3.23	10
3.231	9
3.232	9
3.233	9
3.234	9
3.235	9
3.236	9
3.237	10
3.238	10
3.239	10
3.24	10
3.241	10
3.242	10
3.243	10
3.244	10
3.245	10
3.246	10
3.247	10
3.248	10
3.249	10
3.25	7
3.251	7
3.252	7
3.253	10
3.254	6
3.255	7
3.256	10
3.257	10
3.258	10
3.259	10
3.26	9
3.261	10
3.262	7
3.263	10
3.264	10
3.265	10
3.266	10
3.267	10
3.268	10
3.269	10
3.27	10
3.271	10
3.272	10
3.273	10
3.274	10
3.275	10
3.276	10
3.277	10
3.278	9
3.279	9
3.28	10
3.281	10
3.282	10
3.283	10
3.284	9
3.285	10
3.286	9
3.287	9
3.288	9
3.289	8
3.29	10
3.291	10
3.292	10
3.293	10
3.294	10
3.295	10
3.296	9
3.297	10
3.298	9
3.299	9
3.3	9
3.301	9
3.302	9
3.303	7
3.304	10
3.305	10
3.306	10
3.307	10
3.308	10
3.309	10
3.31	10
3.311	10
3.312	10
3.313	9
3.314	9
3.315	10
3.316	8
3.317	8
3.318	10
3.319	10
3.32	10
3.321	10
3.322	10
3.323	7
3.324	7
3.325	7
3.326	10
3.327	10
3.328	8
3.329	8
3.33	8
3.331	8
3.332	8
3.333	8
3.334	8
3.335	8
3.336	10
3.337	10
3.338	10
3.339	10
3.34	10
3.341	10
3.342	10
3.343	10
3.344	9
3.345	9
3.346	10
3.347	10
3.348	9
3.349	10
3.35	10
3.351	10
3.352	10
3.353	10
3.354	10
3.355	10
3.356	10
3.357	10
3.358	10
3.359	10
3.36	9
3.361	10
3.362	10
3.363	10
3.364	10
3.365	10
3.366	10
3.367	10
3.368	9
3.369	10
3.37	10
3.371	9
3.372	9
3.373	9
3.374	9
3.375	9
3.376	9
3.377	10
3.378	10
3.379	9
3.38	9
3.381	8
3.382	10
3.383	10
3.384	10
3.385	10
3.386	10
3.387	10
3.388	10
3.389	10
3.39	10
3.391	10
3.392	10
3.393	10
3.394	9
3.395	9
3.396	9
3.397	8
3.398	10
3.399	10
3.4	10
3.401	9
3.402	9
3.403	5
3.404	10
3.405	9
3.406	9
3.407	9
3.408	9
3.409	10
3.41	10
3.411	9
3.412	10
3.413	10
3.414	10
3.415	10
3.416	10
3.417	10
3.418	10
3.419	10
3.42	10
3.421	10
3.422	10
3.423	10
3.424	10
3.425	10
3.426	10
3.427	10
3.428	10
3.429	10
3.43	9
3.431	9
3.432	10
3.433	10
3.434	10
3.435	10
3.436	9
3.437	9
3.438	9
3.439	9
3.44	10
3.441	9
3.442	9
3.443	10
3.444	10
3.445	10
3.446	10
3.447	10
3.448	8
3.449	8
3.45	10
3.451	10
3.452	10
3.453	9
3.454	10
3.455	10
3.456	10
3.457	10
3.458	9
3.459	9
3.46	10
3.461	10
3.462	10
3.463	10
3.464	10
3.465	10
3.466	4
3.467	9
3.468	10
3.469	10
3.47	10
3.471	10
3.472	10
3.473	10
3.474	10
3.475	10
3.476	8
3.477	9
3.478	10
3.479	9
3.48	9
3.481	9
3.482	10
3.483	10
3.484	10
3.485	10
3.486	10
3.487	10
3.488	10
3.489	10
3.49	10
3.491	10
3.492	10
3.493	10
3.494	10
3.495	10
3.496	10
3.497	10
3.498	8
3.499	8
3.5	10
3.501	9
3.502	9
3.503	9
3.504	10
3.505	10
3.506	10
3.507	10
3.508	10
3.509	10
3.51	10
3.511	10
3.512	10
3.513	10
3.514	10
3.515	10
3.516	10
3.517	10
3.518	10
3.519	10
3.52	10
3.521	10
3.522	10
3.523	10
3.524	10
3.525	10
3.526	10
3.527	10
3.528	10
3.529	10
3.53	10
3.531	10
3.532	10
3.533	10
3.534	10
3.535	10
3.536	10
3.537	10
3.538	10
3.539	10
3.54	10
3.541	10
3.542	10
3.543	10
3.544	9
3.545	9
3.546	8
3.547	8
3.548	10
3.549	10
3.55	10
3.551	10
3.552	8
3.553	8
3.554	10
3.555	10
3.556	8
3.557	8
3.558	10
3.559	10
3.56	10
3.561	10
3.562	6
3.563	6
3.564	10
3.565	10
3.566	5
3.567	9
3.568	10
3.569	10
3.57	10
3.571	10
3.572	10
3.573	10
3.574	10
3.575	10
3.576	10
3.577	10
3.578	10
3.579	10
3.58	6
3.581	6
3.582	10
3.583	10
3.584	10
3.585	10
3.586	10
3.587	10
3.588	9
3.589	9
3.59	9
3.591	10
3.592	10
3.593	10
3.594	10
3.595	10
3.596	10
3.597	10
3.598	10
3.599	9
3.6	10
3.601	10
3.602	10
3.603	10
3.604	10
3.605	10
3.606	10
3.607	10
3.608	10
3.609	10
3.61	10
3.611	10
3.612	8
3.613	9
3.614	10
3.615	10
3.616	10
3.617	10
3.618	10
3.619	10
3.62	10
3.621	10
3.622	7
3.623	9
3.624	9
3.625	10
3.626	10
3.627	10
3.628	10
3.629	10
3.63	10
3.631	10
3.632	10
3.633	10
3.634	10
3.635	10
3.636	10
3.637	10
3.638	10
3.639	10
3.64	10
3.641	10
3.642	10
3.643	10
3.644	10
3.645	10
3.646	10
3.647	10
3.648	10
3.649	10
3.65	10
3.651	10
3.652	10
3.653	10
3.654	10
3.655	10
3.656	10
3.657	10
3.658	7
3.659	10
3.66	10
3.661	10
3.662	10
3.663	10
3.664	9
3.665	9
3.666	9
3.667	10
3.668	9
3.669	10
3.67	10
3.671	10
3.672	10
3.673	9
3.674	9
3.675	9
3.676	9
3.677	7
3.678	10
3.679	10
3.68	10
3.681	10
3.682	9
3.683	9
3.684	10
3.685	10
3.686	10
3.687	10
3.688	10
3.689	10
3.69	5
3.691	9
3.692	10
3.693	9
3.694	9
3.695	9
3.696	9
3.697	10
3.698	9
3.699	9
3.7	10
3.701	10
3.702	10
3.703	10
3.704	10
3.705	10
3.706	10
3.707	10
3.708	10
3.709	10
3.71	10
3.711	10
3.712	10
3.713	10
3.714	10
3.715	10
3.716	9
3.717	8
3.718	8
3.719	8
3.72	10
3.721	10
3.722	10
3.723	10
3.724	10
3.725	10
3.726	10
3.727	10
3.728	10
3.729	10
3.73	10
3.731	10
3.732	9
3.733	9
3.734	10
3.735	10
3.736	10
3.737	10
3.738	10
3.739	9
3.74	10
3.741	10
3.742	10
3.743	10
3.744	10
3.745	10
3.746	10
3.747	10
3.748	9
3.749	9
3.75	9
3.751	8
3.752	10
3.753	10
3.754	10
3.755	10
3.756	10
3.757	10
3.758	10
3.759	10
3.76	10
3.761	9
3.762	9
3.763	9
3.764	9
3.765	10
3.766	10
3.767	10
3.768	10
3.769	10
3.77	9
3.771	7
3.772	10
3.773	10
3.774	10
3.775	10
3.776	10
3.777	10
3.778	10
3.779	10
3.78	10
3.781	10
3.782	10
3.783	10
3.784	10
3.785	10
3.786	10
3.787	10
3.788	10
3.789	10
3.79	10
3.791	10
3.792	10
3.793	10
3.794	5
3.795	9
3.796	10
3.797	10
3.798	10
3.799	10
3.8	9
3.801	9
3.802	9
3.803	10
3.804	10
3.805	10
3.806	10
3.807	10
3.808	10
3.809	10
3.81	10
3.811	10
3.812	10
3.813	10
3.814	10
3.815	10
3.816	10
3.817	10
3.818	7
3.819	9
3.82	10
3.821	9
3.822	9
3.823	10
3.824	10
3.825	10
3.826	10
3.827	10
3.828	9
3.829	10
3.83	10
3.831	9
3.832	10
3.833	10
3.834	10
3.835	10
3.836	9
3.837	10
3.838	9
3.839	8
3.84	10
3.841	10
3.842	10
3.843	10
3.844	10
3.845	10
3.846	10
3.847	10
3.848	10
3.849	9
3.85	9
3.851	9
3.852	9
3.853	9
3.854	9
3.855	10
3.856	10
3.857	10
3.858	10
3.859	10
3.86	10
3.861	10
3.862	10
3.863	10
3.864	10
3.865	10
3.866	10
3.867	10
3.868	10
3.869	10
3.87	10
3.871	10
3.872	10
3.873	10
3.874	8
3.875	9
3.876	10
3.877	10
3.878	10
3.879	10
3.88	8
3.881	8
3.882	10
3.883	9
3.884	9
3.885	10
3.886	10
3.887	10
3.888	10
3.889	10
3.89	8
3.891	8
3.892	10
3.893	10
3.894	10
3.895	10
3.896	10
3.897	10
3.898	10
3.899	10
3.9	8
3.901	8
3.902	10
3.903	10
3.904	9
3.905	8
3.906	10
3.907	10
3.908	10
3.909	5
3.91	5
3.911	10
3.912	8
3.913	8
3.914	6
3.915	6
3.916	10
3.917	10
3.918	9
3.919	9
3.92	9
3.921	9
3.922	9
3.923	10
3.924	10
3.925	10
3.926	9
3.927	9
3.928	10
3.929	10
3.93	10
3.931	10
3.932	10
3.933	10
3.934	10
3.935	10
3.936	8
3.937	9
3.938	9
3.939	9
3.94	9
3.941	9
3.942	9
3.943	10
3.944	10
3.945	10
3.946	10
3.947	10
3.948	10
3.949	10
3.95	10
3.951	10
3.952	8
3.953	8
3.954	10
3.955	10
3.956	10
3.957	10
3.958	10
3.959	10
3.96	10
3.961	10
3.962	10
3.963	10
3.964	10
3.965	10
3.966	10
3.967	10
3.968	10
3.969	10
3.97	10
3.971	10
3.972	10
3.973	9
3.974	10
3.975	10
3.976	8
3.977	8
3.978	10
3.979	10
3.98	10
3.981	10
3.982	10
3.983	10
3.984	10
3.985	10
3.986	10
3.987	10
3.988	10
3.989	10
3.99	10
3.991	7
3.992	10
3.993	10
3.994	8
3.995	8
3.996	8
3.997	8
3.998	9
3.999	9
4	9
4.001	9
4.002	9
4.003	10
4.004	10
4.005	10
4.006	10
4.007	10
4.008	10
4.009	10
4.01	10
4.011	10
4.012	10
4.013	10
4.014	10
4.015	10
4.016	10
4.017	10
4.018	10
4.019	10
4.02	10
4.021	10
4.022	6
4.023	9
4.024	9
4.025	9
4.026	9
4.027	4
4.028	8
4.029	8
4.03	8
4.031	8
4.032	6
4.033	6
4.034	10
4.035	10
4.036	10
4.037	10
4.038	8
4.039	8
4.04	10
4.041	10
4.042	10
4.043	10
4.044	10
4.045	10
4.046	10
4.047	10
4.048	10
4.049	10
4.05	10
4.051	10
4.052	10
4.053	10
4.054	10
4.055	10
4.056	10
4.057	10
4.058	10
4.059	10
4.06	10
4.061	10
4.062	7
4.063	9
4.064	9
4.065	10
4.066	7
4.067	9
4.068	9
4.069	7
4.07	10
4.071	10
4.072	10
4.073	10
4.074	9
4.075	7
4.076	10
4.077	10
4.078	10
4.079	10
4.08	10
4.081	10
4.082	10
4.083	7
4.084	10
4.085	10
4.086	10
4.087	10
4.088	10
4.089	10
4.09	9
4.091	10
4.092	10
4.093	10
4.094	10
4.095	10
4.096	10
4.097	10
4.098	10
4.099	10
4.1	10
4.101	10
4.102	10
4.103	10
4.104	10
4.105	10
4.106	10
4.107	10
4.108	8
4.109	5
4.11	10
4.111	10
4.112	10
4.113	10
4.114	10
4.115	10
4.116	10
4.117	10
4.118	10
4.119	10
4.12	10
4.121	10
4.122	10
4.123	10
4.124	10
4.125	10
4.126	9
4.127	9
4.128	10
4.129	10
4.13	10
4.131	10
4.132	10
4.133	10
4.134	10
4.135	10
4.136	10
4.137	10
4.138	10
4.139	9
4.14	10
4.141	10
4.142	10
4.143	10
4.144	9
4.145	10
4.146	10
4.147	10
4.148	10
4.149	10
4.15	10
4.151	10
4.152	8
4.153	9
4.154	9
4.155	8
4.156	5
4.157	5
4.158	6
4.159	6
4.16	10
4.161	10
4.162	10
4.163	10
4.164	10
4.165	9
4.166	10
4.167	10
4.168	10
4.169	10
4.17	10
4.171	10
4.172	10
4.173	10
4.174	10
4.175	10
4.176	10
4.177	10
4.178	7
4.179	8
4.18	10
4.181	10
4.182	10
4.183	10
4.184	9
4.185	9
4.186	9
4.187	10
4.188	7
4.189	5
4.19	10
4.191	10
4.192	10
4.193	10
4.194	10
4.195	10
4.196	10
4.197	10
4.198	10
4.199	10
4.2	10
4.201	10
4.202	10
4.203	10
4.204	10
4.205	10
4.206	7
4.207	9
4.208	9
4.209	9
4.21	10
4.211	10
4.212	10
4.213	10
4.214	10
4.215	10
4.216	10
4.217	10
4.218	10
4.219	10
4.22	10
4.221	10
4.222	9
4.223	7
4.224	10
4.225	10
4.226	10
4.227	10
4.228	10
4.229	10
4.23	9
4.231	9
4.232	10
4.233	10
4.234	10
4.235	10
4.236	8
4.237	8
4.238	8
4.239	8
4.24	9
4.241	8
4.242	10
4.243	10
4.244	8
4.245	9
4.246	10
4.247	10
4.248	10
4.249	10
4.25	9
4.251	9
4.252	10
4.253	10
4.254	10
4.255	10
4.256	9
4.257	9
4.258	10
4.259	10
4.26	10
4.261	10
4.262	10
4.263	10
4.264	10
4.265	10
4.266	10
4.267	10
4.268	9
4.269	9
4.27	10
4.271	10
4.272	10
4.273	10
4.274	10
4.275	10
4.276	10
4.277	10
4.278	10
4.279	9
4.28	9
4.281	10
4.282	10
4.283	10
4.284	9
4.285	9
4.286	9
4.287	8
4.288	8
4.289	8
4.29	8
4.291	8
4.292	10
4.293	10
4.294	10
4.295	10
4.296	10
4.297	10
4.298	10
4.299	10
4.3	8
4.301	9
4.302	9
4.303	10
4.304	10
4.305	10
4.306	10
4.307	10
4.308	10
4.309	10
4.31	10
4.311	10
4.312	10
4.313	10
4.314	10
4.315	10
4.316	10
4.317	10
4.318	10
4.319	10
4.32	10
4.321	10
4.322	10
4.323	10
4.324	10
4.325	10
4.326	10
4.327	10
4.328	10
4.329	10
4.33	10
4.331	10
4.332	7
4.333	9
4.334	10
4.335	10
4.336	10
4.337	10
4.338	10
4.339	10
4.34	10
4.341	9
4.342	10
4.343	10
4.344	10
4.345	10
4.346	10
4.347	10
4.348	6
4.349	6
4.35	10
4.351	10
4.352	10
4.353	9
4.354	10
4.355	10
4.356	10
4.357	10
4.358	10
4.359	10
4.36	10
4.361	10
4.362	9
4.363	7
4.364	10
4.365	10
4.366	10
4.367	10
4.368	10
4.369	10
4.37	10
4.371	10
4.372	10
4.373	10
4.374	10
4.375	10
4.376	10
4.377	10
4.378	9
4.379	9
4.38	9
4.381	9
4.382	9
4.383	8
4.384	10
4.385	10
4.386	10
4.387	10
4.388	10
4.389	10
4.39	10
4.391	10
4.392	7
4.393	10
4.394	10
4.395	10
4.396	10
4.397	10
4.398	6
4.399	6
4.4	6
4.401	6
4.402	10
4.403	10
4.404	10
4.405	10
4.406	8
4.407	8
4.408	10
4.409	9
4.41	6
4.411	6
4.412	9
4.413	9
4.414	10
4.415	10
4.416	10
4.417	10
4.418	10
4.419	10
4.42	5
4.421	8
4.422	8
4.423	8
4.424	6
4.425	6
4.426	10
4.427	10
4.428	10
4.429	10
4.43	10
4.431	10
4.432	10
4.433	10
4.434	10
4.435	10
4.436	10
4.437	10
4.438	10
4.439	10
4.44	10
4.441	10
4.442	10
4.443	10
4.444	10
4.445	10
4.446	10
4.447	10
4.448	10
4.449	10
4.45	10
4.451	10
4.452	10
4.453	10
4.454	10
4.455	10
4.456	10
4.457	10
4.458	10
4.459	10
4.46	10
4.461	10
4.462	10
4.463	10
4.464	10
4.465	10
4.466	9
4.467	9
4.468	10
4.469	10
4.47	10
4.471	10
4.472	7
4.473	7
4.474	10
4.475	10
4.476	10
4.477	10
4.478	10
4.479	9
4.48	10
4.481	10
4.482	10
4.483	10
4.484	10
4.485	10
4.486	10
4.487	9
4.488	10
4.489	10
4.49	10
4.491	10
4.492	7
4.493	9
4.494	9
4.495	10
4.496	10
4.497	10
4.498	10
4.499	10
4.5	10
4.501	10
4.502	10
4.503	10
4.504	9
4.505	9
4.506	10
4.507	10
4.508	9
4.509	10
4.51	10
4.511	10
4.512	10
4.513	10
4.514	10
4.515	10
4.516	10
4.517	10
4.518	9
4.519	9
4.52	9
4.521	9
4.522	9
4.523	9
4.524	10
4.525	10
4.526	10
4.527	10
4.528	8
4.529	8
4.53	10
4.531	10
4.532	8
4.533	8
4.534	8
4.535	9
4.536	10
4.537	10
4.538	9
4.539	10
4.54	10
4.541	10
4.542	10
4.543	10
4.544	10
4.545	10
4.546	10
4.547	10
4.548	10
4.549	10
4.55	8
4.551	8
4.552	10
4.553	10
4.554	9
4.555	8
4.556	8
4.557	8
4.558	10
4.559	9
4.56	8
4.561	8
4.562	10
4.563	10
4.564	10
4.565	10
4.566	10
4.567	9
4.568	10
4.569	10
4.57	10
4.571	10
4.572	10
4.573	9
4.574	9
4.575	10
4.576	9
4.577	9
4.578	10
4.579	10
4.58	10
4.581	10
4.582	10
4.583	10
4.584	6
4.585	6
4.586	10
4.587	10
4.588	10
4.589	10
4.59	10
4.591	10
4.592	10
4.593	10
4.594	8
4.595	8
4.596	10
4.597	10
4.598	10
4.599	10
4.6	10
4.601	10
4.602	10
4.603	10
4.604	10
4.605	10
4.606	8
4.607	9
4.608	10
4.609	10
4.61	10
4.611	10
4.612	10
4.613	10
4.614	10
4.615	10
4.616	10
4.617	10
4.618	10
4.619	10
4.62	8
4.621	9
4.622	10
4.623	10
4.624	10
4.625	10
4.626	10
4.627	10
4.628	9
4.629	9
4.63	9
4.631	9
4.632	10
4.633	9
4.634	9
4.635	9
4.636	9
4.637	9
4.638	9
4.639	9
4.64	9
4.641	9
4.642	10
4.643	10
4.644	10
4.645	10
4.646	10
4.647	10
4.648	10
4.649	10
4.65	10
4.651	10
4.652	10
4.653	10
4.654	10
4.655	10
4.656	10
4.657	9
4.658	10
4.659	10
4.66	10
4.661	10
4.662	10
4.663	10
4.664	10
4.665	10
4.666	9
4.667	7
4.668	10
4.669	10
4.67	10
4.671	10
4.672	9
4.673	10
4.674	10
4.675	10
4.676	9
4.677	4
4.678	10
4.679	10
4.68	4
4.681	9
4.682	10
4.683	9
4.684	10
4.685	10
4.686	10
4.687	10
4.688	10
4.689	10
4.69	9
4.691	8
4.692	10
4.693	10
4.694	10
4.695	9
4.696	9
4.697	9
4.698	9
4.699	9
4.7	9
4.701	10
4.702	10
4.703	10
4.704	10
4.705	10
4.706	10
4.707	10
4.708	7
4.709	7
4.71	10
4.711	10
4.712	8
4.713	8
4.714	10
4.715	10
4.716	10
4.717	10
4.718	6
4.719	6
4.72	10
4.721	10
4.722	10
4.723	10
4.724	9
4.725	8
4.726	8
4.727	9
4.728	9
4.729	9
4.73	8
4.731	8
4.732	10
4.733	10
4.734	10
4.735	10
4.736	10
4.737	10
4.738	10
4.739	10
4.74	10
4.741	10
4.742	10
4.743	10
4.744	6
4.745	9
4.746	9
4.747	9
4.748	9
4.749	9
4.75	10
4.751	10
4.752	10
4.753	10
4.754	10
4.755	10
4.756	10
4.757	10
4.758	9
4.759	9
4.76	10
4.761	10
4.762	10
4.763	10
4.764	9
4.765	10
4.766	7
4.767	9
4.768	10
4.769	10
4.77	10
4.771	10
4.772	9
4.773	9
4.774	10
4.775	10
4.776	10
4.777	10
4.778	10
4.779	10
4.78	10
4.781	10
4.782	10
4.783	10
4.784	10
4.785	10
4.786	10
4.787	10
4.788	10
4.789	10
4.79	10
4.791	10
4.792	10
4.793	10
4.794	10
4.795	10
4.796	10
4.797	10
4.798	9
4.799	10
4.8	9
4.801	9
4.802	9
4.803	9
4.804	10
4.805	10
4.806	10
4.807	10
4.808	10
4.809	10
4.81	9
4.811	9
4.812	9
4.813	8
4.814	5
4.815	7
4.816	10
4.817	10
4.818	10
4.819	10
4.82	10
4.821	9
4.822	10
4.823	10
4.824	10
4.825	10
4.826	10
4.827	10
4.828	10
4.829	9
4.83	9
4.831	9
4.832	10
4.833	10
4.834	10
4.835	10
4.836	9
4.837	9
4.838	10
4.839	10
4.84	7
4.841	7
4.842	10
4.843	10
4.844	10
4.845	10
4.846	10
4.847	10
4.848	10
4.849	10
4.85	10
4.851	10
4.852	10
4.853	10
4.854	10
4.855	10
4.856	10
4.857	10
4.858	10
4.859	10
4.86	10
4.861	10
4.862	10
4.863	9
4.864	9
4.865	10
4.866	5
4.867	9
4.868	9
4.869	9
4.87	10
4.871	10
4.872	5
4.873	9
4.874	10
4.875	10
4.876	10
4.877	10
4.878	8
4.879	8
4.88	8
4.881	9
4.882	9
4.883	9
4.884	9
4.885	10
4.886	10
4.887	10
4.888	10
4.889	10
4.89	8
4.891	9
4.892	8
4.893	9
4.894	9
4.895	8
4.896	10
4.897	10
4.898	10
4.899	9
4.9	10
4.901	10
4.902	10
4.903	9
4.904	9
4.905	9
4.906	9
4.907	9
4.908	10
4.909	10
4.91	10
4.911	10
4.912	10
4.913	10
4.914	10
4.915	10
4.916	10
4.917	10
4.918	9
4.919	9
4.92	9
4.921	9
4.922	9
4.923	8
4.924	8
4.925	9
4.926	10
4.927	10
4.928	10
4.929	10
4.93	10
4.931	10
4.932	10
4.933	10
4.934	10
4.935	10
4.936	10
4.937	10
4.938	10
4.939	10
4.94	10
4.941	10
4.942	10
4.943	10
4.944	10
4.945	10
4.946	10
4.947	10
4.948	10
4.949	10
4.95	9
4.951	9
4.952	10
4.953	10
4.954	10
4.955	10
4.956	9
4.957	4
4.958	10
4.959	10
4.96	10
4.961	10
4.962	10
4.963	10
4.964	10
4.965	10
4.966	10
4.967	10
4.968	10
4.969	9
4.97	10
4.971	10
4.972	10
4.973	10
4.974	10
4.975	10
4.976	9
4.977	9
4.978	10
4.979	10
4.98	10
4.981	10
4.982	8
4.983	8
4.984	10
4.985	10
4.986	10
4.987	10
4.988	8
4.989	9
4.99	10
4.991	10
4.992	10
4.993	10
4.994	10
4.995	10
4.996	10
4.997	9
4.998	9
4.999	9
5	9
5.001	8
5.002	8
5.003	8
5.004	9
5.005	8
5.006	10
5.007	10
5.008	10
5.009	10
5.01	9
5.011	8
5.012	10
5.013	10
5.014	10
5.015	10
5.016	10
5.017	10
5.018	10
5.019	10
5.02	10
5.021	10
5.022	10
5.023	10
5.024	10
5.025	10
5.026	9
5.027	8
5.028	8
5.029	8
5.03	10
5.031	10
5.032	10
5.033	10
5.034	10
5.035	10
5.036	10
5.037	10
5.038	5
5.039	10
5.04	10
5.041	10
5.042	10
5.043	10
5.044	10
5.045	9
5.046	10
5.047	10
5.048	10
5.049	10
5.05	10
5.051	10
5.052	10
5.053	10
5.054	8
5.055	4
5.056	4
5.057	9
5.058	10
5.059	10
5.06	10
5.061	10
5.062	10
5.063	10
5.064	9
5.065	9
5.066	9
5.067	9
5.068	9
5.069	9
5.07	9
5.071	9
5.072	8
5.073	8
5.074	10
5.075	10
5.076	10
5.077	10
5.078	10
5.079	10
5.08	10
5.081	10
5.082	10
5.083	10
5.084	10
5.085	10
5.086	10
5.087	10
5.088	10
5.089	10
5.09	10
5.091	10
5.092	10
5.093	10
5.094	7
5.095	9
5.096	10
5.097	10
5.098	10
5.099	10
5.1	4
5.101	5
5.102	10
5.103	10
5.104	10
5.105	10
5.106	10
5.107	10
5.108	9
5.109	10
5.11	10
5.111	10
5.112	10
5.113	10
5.114	10
5.115	9
5.116	9
5.117	10
5.118	10
5.119	10
5.12	10
5.121	10
5.122	10
5.123	10
5.124	10
5.125	10
5.126	10
5.127	10
5.128	10
5.129	10
5.13	10
5.131	10
5.132	10
5.133	10
5.134	10
5.135	10
5.136	10
5.137	10
5.138	10
5.139	10
5.14	10
5.141	10
5.142	10
5.143	10
5.144	9
5.145	9
5.146	10
5.147	10
5.148	7
5.149	10
5.15	10
5.151	10
5.152	10
5.153	10
5.154	10
5.155	10
5.156	6
5.157	6
5.158	8
5.159	8
5.16	8
5.161	8
5.162	10
5.163	10
5.164	10
5.165	10
5.166	10
5.167	10
5.168	10
5.169	10
5.17	10
5.171	10
5.172	10
5.173	10
5.174	10
5.175	10
5.176	10
5.177	10
5.178	10
5.179	10
5.18	10
5.181	10
5.182	10
5.183	9
5.184	9
5.185	9
5.186	10
5.187	10
5.188	10
5.189	10
5.19	10
5.191	10
5.192	10
5.193	10
5.194	10
5.195	10
5.196	9
5.197	9
5.198	9
5.199	10
5.2	10
5.201	10
5.202	10
5.203	10
5.204	10
5.205	10
5.206	10
5.207	10
5.208	10
5.209	10
5.21	10
5.211	10
5.212	10
5.213	10
5.214	10
5.215	10
5.216	10
5.217	9
5.218	9
5.219	10
5.22	9
5.221	10
5.222	10
5.223	10
5.224	10
5.225	10
5.226	10
5.227	10
5.228	10
5.229	10
5.23	10
5.231	10
5.232	10
5.233	10
5.234	10
5.235	10
5.236	10
5.237	10
5.238	10
5.239	10
5.24	8
5.241	8
5.242	10
5.243	9
5.244	9
5.245	9
5.246	10
5.247	10
5.248	10
5.249	10
5.25	10
5.251	10
5.252	7
5.253	10
5.254	8
5.255	8
5.256	4
5.257	9
5.258	9
5.259	9
5.26	10
5.261	10
5.262	10
5.263	10
5.264	7
5.265	9
5.266	10
5.267	10
5.268	9
5.269	9
5.27	10
5.271	10
5.272	9
5.273	9
5.274	10
5.275	10
5.276	10
5.277	10
5.278	7
5.279	7
5.28	10
5.281	10
5.282	10
5.283	10
5.284	7
5.285	9
5.286	9
5.287	9
5.288	10
5.289	10
5.29	10
5.291	10
5.292	9
5.293	9
5.294	9
5.295	10
5.296	9
5.297	9
5.298	10
5.299	10
5.3	10
5.301	10
5.302	10
5.303	10
5.304	10
5.305	10
5.306	8
5.307	8
5.308	10
5.309	10
5.31	9
5.311	9
5.312	9
5.313	8
5.314	8
5.315	8
5.316	8
5.317	8
5.318	6
5.319	9
5.32	10
5.321	9
5.322	9
5.323	8
5.324	10
5.325	10
5.326	10
5.327	10
5.328	10
5.329	10
5.33	10
5.331	10
5.332	10
5.333	9
5.334	6
5.335	6
5.336	10
5.337	10
5.338	10
5.339	10
5.34	10
5.341	9
5.342	10
5.343	10
5.344	10
5.345	10
5.346	10
5.347	10
5.348	9
5.349	8
5.35	10
5.351	10
5.352	10
5.353	10
5.354	10
5.355	10
5.356	10
5.357	10
5.358	8
5.359	7
5.36	7
5.361	8
5.362	10
5.363	10
5.364	10
5.365	10
5.366	6
5.367	9
5.368	10
5.369	10
5.37	9
5.371	10
5.372	6
5.373	6
5.374	10
5.375	10
5.376	10
5.377	10
5.378	10
5.379	10
5.38	10
5.381	10
5.382	10
5.383	10
5.384	10
5.385	10
5.386	10
5.387	10
5.388	8
5.389	8
5.39	10
5.391	10
5.392	10
5.393	10
5.394	10
5.395	10
5.396	10
5.397	10
5.398	10
5.399	10
5.4	10
5.401	10
5.402	8
5.403	8
5.404	10
5.405	10
5.406	10
5.407	10
5.408	10
5.409	10
5.41	10
5.411	10
5.412	7
5.413	7
5.414	7
5.415	9
5.416	10
5.417	10
5.418	10
5.419	10
5.42	9
5.421	8
5.422	10
5.423	10
5.424	10
5.425	10
5.426	10
5.427	10
5.428	10
5.429	10
5.43	10
5.431	10
5.432	10
5.433	10
5.434	10
5.435	10
5.436	10
5.437	10
5.438	10
5.439	10
5.44	10
5.441	10
5.442	10
5.443	9
5.444	9
5.445	10
5.446	9
5.447	9
5.448	10
5.449	10
5.45	10
5.451	10
5.452	10
5.453	10
5.454	9
5.455	9
5.456	10
5.457	10
5.458	10
5.459	10
5.46	10
5.461	10
5.462	10
5.463	10
5.464	10
5.465	10
5.466	8
5.467	8
5.468	8
5.469	8
5.47	8
5.471	8
5.472	8
5.473	9
5.474	9
5.475	9
5.476	9
5.477	7
5.478	10
5.479	10
5.48	10
5.481	10
5.482	6
5.483	9
5.484	10
5.485	10
5.486	10
5.487	10
5.488	9
5.489	3
5.49	4
5.491	9
5.492	10
5.493	10
5.494	10
5.495	10
5.496	10
5.497	10
5.498	10
5.499	10
5.5	10
5.501	10
5.502	10
5.503	10
5.504	8
5.505	7
5.506	10
5.507	10
5.508	10
5.509	7
5.51	8
5.511	9
5.512	9
5.513	9
5.514	9
5.515	8
5.516	10
5.517	10
5.518	10
5.519	10
5.52	10
5.521	10
5.522	9
5.523	9
5.524	10
5.525	10
5.526	10
5.527	10
5.528	9
5.529	9
5.53	10
5.531	10
5.532	9
5.533	8
5.534	10
5.535	10
5.536	10
5.537	10
5.538	10
5.539	10
5.54	10
5.541	10
5.542	10
5.543	10
5.544	10
5.545	10
5.546	10
5.547	10
5.548	10
5.549	10
5.55	7
5.551	7
5.552	7
5.553	8
5.554	10
5.555	10
5.556	10
5.557	10
5.558	10
5.559	10
5.56	10
5.561	10
5.562	10
5.563	10
5.564	10
5.565	10
5.566	10
5.567	10
5.568	6
5.569	6
5.57	10
5.571	10
5.572	10
5.573	10
5.574	8
5.575	8
5.576	10
5.577	10
5.578	10
5.579	10
5.58	10
5.581	10
5.582	10
5.583	10
5.584	10
5.585	10
5.586	10
5.587	10
5.588	10
5.589	10
5.59	10
5.591	10
5.592	10
5.593	10
5.594	10
5.595	10
5.596	10
5.597	10
5.598	10
5.599	10
5.6	10
5.601	10
5.602	10
5.603	10
5.604	10
5.605	10
5.606	10
5.607	10
5.608	10
5.609	10
5.61	10
5.611	10
5.612	10
5.613	10
5.614	8
5.615	8
5.616	10
5.617	10
5.618	10
5.619	10
5.62	10
5.621	10
5.622	10
5.623	10
5.624	10
5.625	10
5.626	9
5.627	9
5.628	10
5.629	10
5.63	10
5.631	10
5.632	10
5.633	10
5.634	10
5.635	10
5.636	10
5.637	10
5.638	10
5.639	10
5.64	10
5.641	10
5.642	10
5.643	10
5.644	10
5.645	10
5.646	8
5.647	9
5.648	9
5.649	9
5.65	10
5.651	10
5.652	9
5.653	10
5.654	10
5.655	10
5.656	10
5.657	10
5.658	10
5.659	10
5.66	10
5.661	9
5.662	10
5.663	10
5.664	9
5.665	10
5.666	9
5.667	9
5.668	10
5.669	10
5.67	10
5.671	10
5.672	10
5.673	10
5.674	10
5.675	10
5.676	8
5.677	9
5.678	10
5.679	10
5.68	10
5.681	10
5.682	10
5.683	10
5.684	9
5.685	9
5.686	9
5.687	10
5.688	10
5.689	10
5.69	10
5.691	10
5.692	10
5.693	9
5.694	9
5.695	10
5.696	9
5.697	10
5.698	10
5.699	10
5.7	9
5.701	10
5.702	10
5.703	9
5.704	10
5.705	10
5.706	10
5.707	10
5.708	10
5.709	10
5.71	10
5.711	10
5.712	8
5.713	8
5.714	10
5.715	10
5.716	8
5.717	9
5.718	10
5.719	10
5.72	10
5.721	10
5.722	9
5.723	9
5.724	9
5.725	10
5.726	9
5.727	10
5.728	10
5.729	10
5.73	5
5.731	7
5.732	10
5.733	10
5.734	9
5.735	9
5.736	10
5.737	10
5.738	10
5.739	10
5.74	10
5.741	10
5.742	10
5.743	10
5.744	10
5.745	9
5.746	9
5.747	9
5.748	10
5.749	10
5.75	10
5.751	10
5.752	9
5.753	6
5.754	7
5.755	9
5.756	10
5.757	10
5.758	10
5.759	10
5.76	10
5.761	10
5.762	10
5.763	10
5.764	10
5.765	10
5.766	10
5.767	10
5.768	10
5.769	9
5.77	9
5.771	9
5.772	9
5.773	3
5.774	10
5.775	10
5.776	10
5.777	10
5.778	9
5.779	8
5.78	10
5.781	10
5.782	7
5.783	7
5.784	10
5.785	10
5.786	10
5.787	10
5.788	10
5.789	10
5.79	9
5.791	7
5.792	10
5.793	10
5.794	10
5.795	10
5.796	7
5.797	9
5.798	9
5.799	8
5.8	10
5.801	9
5.802	9
5.803	9
5.804	9
5.805	10
5.806	10
5.807	10
5.808	10
5.809	10
5.81	10
5.811	10
5.812	9
5.813	9
5.814	10
5.815	10
5.816	10
5.817	10
5.818	8
5.819	8
5.82	10
5.821	10
5.822	9
5.823	6
5.824	6
5.825	6
5.826	5
5.827	9
5.828	9
5.829	9
5.83	10
5.831	10
5.832	10
5.833	10
5.834	10
5.835	10
5.836	10
5.837	10
5.838	10
5.839	10
5.84	10
5.841	10
5.842	10
5.843	10
5.844	10
5.845	10
5.846	10
5.847	10
5.848	10
5.849	10
5.85	10
5.851	10
5.852	10
5.853	10
5.854	10
5.855	10
5.856	8
5.857	8
5.858	10
5.859	10
5.86	10
5.861	10
5.862	10
5.863	10
5.864	10
5.865	10
5.866	10
5.867	10
5.868	10
5.869	10
5.87	10
5.871	9
5.872	10
5.873	10
5.874	10
5.875	10
5.876	10
5.877	10
5.878	10
5.879	10
5.88	10
5.881	10
5.882	10
5.883	10
5.884	10
5.885	10
5.886	10
5.887	10
5.888	10
5.889	10
5.89	9
5.891	8
5.892	10
5.893	10
5.894	10
5.895	7
5.896	10
5.897	10
5.898	10
5.899	10
5.9	10
5.901	10
5.902	10
5.903	10
5.904	10
5.905	10
5.906	10
5.907	10
5.908	7
5.909	10
5.91	9
5.911	8
5.912	8
5.913	8
5.914	8
5.915	8
5.916	10
5.917	10
5.918	10
5.919	10
5.92	10
5.921	10
5.922	10
5.923	10
5.924	10
5.925	10
5.926	10
5.927	9
5.928	10
5.929	10
5.93	10
5.931	10
5.932	10
5.933	10
5.934	10
5.935	10
5.936	7
5.937	6
5.938	10
5.939	10
5.94	9
5.941	9
5.942	9
5.943	8
5.944	4
5.945	9
5.946	10
5.947	10
5.948	9
5.949	9
5.95	10
5.951	10
5.952	10
5.953	10
5.954	9
5.955	9
5.956	9
5.957	8
5.958	10
5.959	9
5.96	10
5.961	10
5.962	9
5.963	9
5.964	9
5.965	9
5.966	10
5.967	10
5.968	8
5.969	9
5.97	10
5.971	10
5.972	10
5.973	10
5.974	8
5.975	8
5.976	10
5.977	10
5.978	9
5.979	9
5.98	10
5.981	10
5.982	10
5.983	9
5.984	10
5.985	10
5.986	10
5.987	10
5.988	10
5.989	10
5.99	10
5.991	10
5.992	7
5.993	8
5.994	10
5.995	10
5.996	10
5.997	10
5.998	10
5.999	10
6	10
6.001	10
6.002	9
6.003	9
6.004	10
6.005	10
6.006	8
6.007	9
6.008	10
6.009	10
6.01	10
6.011	10
6.012	10
6.013	10
6.014	9
6.015	8
6.016	10
6.017	10
6.018	10
6.019	10
6.02	10
6.021	10
6.022	10
6.023	10
6.024	9
6.025	9
6.026	9
6.027	9
6.028	10
6.029	10
6.03	10
6.031	10
6.032	10
6.033	10
6.034	10
6.035	10
6.036	10
6.037	10
6.038	10
6.039	10
6.04	6
6.041	6
6.042	10
6.043	10
6.044	10
6.045	10
6.046	10
6.047	10
6.048	10
6.049	10
6.05	10
6.051	10
6.052	10
6.053	10
6.054	8
6.055	8
6.056	8
6.057	5
6.058	8
6.059	8
6.06	10
6.061	10
6.062	9
6.063	9
6.064	10
6.065	10
6.066	10
6.067	10
6.068	8
6.069	8
6.07	10
6.071	10
6.072	10
6.073	10
6.074	10
6.075	10
6.076	10
6.077	10
6.078	10
6.079	10
6.08	10
6.081	10
6.082	10
6.083	10
6.084	10
6.085	10
6.086	10
6.087	10
6.088	10
6.089	10
6.09	10
6.091	10
6.092	10
6.093	10
6.094	10
6.095	10
6.096	10
6.097	10
6.098	10
6.099	10
6.1	10
6.101	10
6.102	8
6.103	8
6.104	7
6.105	9
6.106	9
6.107	7
6.108	8
6.109	8
6.11	10
6.111	10
6.112	10
6.113	10
6.114	10
6.115	10
6.116	10
6.117	9
6.118	9
6.119	9
6.12	9
6.121	10
6.122	10
6.123	10
6.124	10
6.125	10
6.126	10
6.127	10
6.128	10
6.129	10
6.13	10
6.131	10
6.132	10
6.133	10
6.134	10
6.135	10
6.136	10
6.137	10
6.138	10
6.139	10
6.14	10
6.141	10
6.142	10
6.143	10
6.144	10
6.145	10
6.146	10
6.147	10
6.148	10
6.149	10
6.15	6
6.151	9
6.152	10
6.153	10
6.154	10
6.155	10
6.156	10
6.157	10
6.158	9
6.159	9
6.16	10
6.161	10
6.162	10
6.163	10
6.164	10
6.165	10
6.166	9
6.167	10
6.168	10
6.169	10
6.17	10
6.171	7
6.172	10
6.173	10
6.174	10
6.175	10
6.176	10
6.177	10
6.178	10
6.179	9
6.18	9
6.181	9
6.182	9
6.183	10
6.184	10
6.185	10
6.186	10
6.187	10
6.188	10
6.189	10
6.19	10
6.191	10
6.192	10
6.193	10
6.194	10
6.195	10
6.196	7
6.197	7
6.198	7
6.199	9
6.2	9
6.201	9
6.202	10
6.203	10
6.204	9
6.205	10
6.206	10
6.207	10
6.208	10
6.209	10
6.21	10
6.211	10
6.212	10
6.213	10
6.214	10
6.215	10
6.216	7
6.217	7
6.218	10
6.219	10
6.22	10
6.221	10
6.222	10
6.223	10
6.224	7
6.225	5
6.226	5
6.227	8
6.228	9
6.229	9
6.23	9
6.231	7
6.232	10
6.233	10
6.234	10
6.235	10
6.236	10
6.237	10
6.238	9
6.239	9
6.24	9
6.241	8
6.242	8
6.243	8
6.244	8
6.245	7
6.246	10
6.247	10
6.248	10
6.249	10
6.25	9
6.251	10
6.252	10
6.253	10
6.254	10
6.255	10
6.256	10
6.257	10
6.258	10
6.259	10
6.26	10
6.261	10
6.262	10
6.263	10
6.264	10
6.265	10
6.266	10
6.267	10
6.268	10
6.269	10
6.27	10
6.271	10
6.272	10
6.273	10
6.274	10
6.275	10
6.276	10
6.277	10
6.278	10
6.279	10
6.28	10
6.281	10
6.282	10
6.283	10
6.284	10
6.285	10
6.286	10
6.287	10
6.288	10
6.289	10
6.29	9
6.291	9
6.292	10
6.293	10
6.294	10
6.295	10
6.296	8
6.297	8
6.298	10
6.299	10
6.3	10
6.301	10
6.302	9
6.303	10
6.304	9
6.305	7
6.306	10
6.307	10
6.308	10
6.309	10
6.31	9
6.311	10
6.312	8
6.313	8
6.314	10
6.315	10
6.316	10
6.317	10
6.318	10
6.319	10
6.32	10
6.321	10
6.322	9
6.323	10
6.324	10
6.325	10
6.326	10
6.327	10
6.328	10
6.329	10
6.33	10
6.331	10
6.332	9
6.333	10
6.334	10
6.335	10
6.336	9
6.337	7
6.338	10
6.339	10
6.34	10
6.341	10
6.342	10
6.343	10
6.344	8
6.345	8
6.346	10
6.347	10
6.348	10
6.349	10
6.35	10
6.351	10
6.352	9
6.353	9
6.354	10
6.355	10
6.356	10
6.357	10
6.358	8
6.359	8
6.36	10
6.361	10
6.362	10
6.363	10
6.364	10
6.365	10
6.366	10
6.367	10
6.368	10
6.369	10
6.37	9
6.371	10
6.372	10
6.373	10
6.374	10
6.375	10
6.376	9
6.377	9
6.378	9
6.379	7
6.38	10
6.381	10
6.382	10
6.383	10
6.384	10
6.385	10
6.386	10
6.387	10
6.388	10
6.389	10
6.39	10
6.391	10
6.392	10
6.393	10
6.394	10
6.395	10
6.396	10
6.397	10
6.398	9
6.399	9
6.4	10
6.401	10
6.402	8
6.403	9
6.404	10
6.405	10
6.406	10
6.407	10
6.408	10
6.409	10
6.41	10
6.411	10
6.412	10
6.413	10
6.414	10
6.415	10
6.416	10
6.417	10
6.418	9
6.419	9
6.42	9
6.421	10
6.422	10
6.423	10
6.424	10
6.425	10
6.426	10
6.427	10
6.428	9
6.429	10
6.43	10
6.431	10
6.432	10
6.433	10
6.434	10
6.435	9
6.436	9
6.437	10
6.438	9
6.439	10
6.44	10
6.441	10
6.442	10
6.443	10
6.444	9
6.445	9
6.446	9
6.447	5
6.448	8
6.449	8
6.45	4
6.451	9
6.452	10
6.453	10
6.454	10
6.455	10
6.456	10
6.457	10
6.458	10
6.459	10
6.46	10
6.461	10
6.462	10
6.463	10
6.464	10
6.465	10
6.466	9
6.467	9
6.468	9
6.469	10
6.47	10
6.471	10
6.472	8
6.473	8
6.474	10
6.475	10
6.476	10
6.477	10
6.478	10
6.479	10
6.48	10
6.481	10
6.482	10
6.483	10
6.484	10
6.485	10
6.486	10
6.487	10
6.488	10
6.489	10
6.49	7
6.491	7
6.492	10
6.493	10
6.494	10
6.495	10
6.496	10
6.497	10
6.498	10
6.499	10
6.5	10
6.501	9
6.502	10
6.503	10
6.504	10
6.505	10
6.506	10
6.507	10
6.508	8
6.509	8
6.51	8
6.511	9
6.512	9
6.513	9
6.514	10
6.515	10
6.516	10
6.517	9
6.518	9
6.519	10
6.52	10
6.521	10
6.522	10
6.523	10
6.524	10
6.525	10
6.526	9
6.527	9
6.528	10
6.529	10
6.53	10
6.531	10
6.532	10
6.533	10
6.534	10
6.535	10
6.536	10
6.537	10
6.538	10
6.539	10
6.54	9
6.541	9
6.542	10
6.543	10
6.544	10
6.545	10
6.546	10
6.547	10
6.548	9
6.549	7
6.55	7
6.551	9
6.552	9
6.553	9
6.554	9
6.555	10
6.556	10
6.557	10
6.558	9
6.559	9
6.56	10
6.561	10
6.562	10
6.563	10
6.564	8
6.565	8
6.566	10
6.567	10
6.568	10
6.569	10
6.57	10
6.571	10
6.572	10
6.573	10
6.574	10
6.575	10
6.576	10
6.577	10
6.578	10
6.579	10
6.58	10
6.581	10
6.582	10
6.583	10
6.584	10
6.585	10
6.586	10
6.587	10
6.588	8
6.589	8
6.59	9
6.591	10
6.592	10
6.593	10
6.594	10
6.595	10
6.596	10
6.597	10
6.598	10
6.599	10
6.6	10
6.601	10
6.602	8
6.603	8
6.604	10
6.605	10
6.606	10
6.607	10
6.608	10
6.609	10
6.61	9
6.611	10
6.612	10
6.613	10
6.614	10
6.615	10
6.616	10
6.617	10
6.618	10
6.619	10
6.62	7
6.621	9
6.622	10
6.623	10
6.624	8
6.625	8
6.626	8
6.627	8
6.628	10
6.629	10
6.63	10
6.631	9
6.632	10
6.633	10
6.634	10
6.635	10
6.636	9
6.637	9
6.638	10
6.639	10
6.64	10
6.641	10
6.642	10
6.643	10
6.644	10
6.645	10
6.646	9
6.647	6
6.648	10
6.649	10
6.65	10
6.651	10
6.652	10
6.653	10
6.654	10
6.655	9
6.656	9
6.657	10
6.658	10
6.659	10
6.66	9
6.661	9
6.662	9
6.663	10
6.664	9
6.665	9
6.666	10
6.667	10
6.668	10
6.669	10
6.67	10
6.671	9
6.672	9
6.673	10
6.674	10
6.675	10
6.676	9
6.677	9
6.678	10
6.679	10
6.68	10
6.681	10
6.682	10
6.683	10
6.684	10
6.685	10
6.686	9
6.687	9
6.688	10
6.689	10
6.69	8
6.691	9
6.692	10
6.693	10
6.694	10
6.695	10
6.696	10
6.697	10
6.698	10
6.699	10
6.7	10
6.701	7
6.702	10
6.703	10
6.704	6
6.705	5
6.706	5
6.707	10
6.708	10
6.709	10
6.71	8
6.711	8
6.712	10
6.713	10
6.714	10
6.715	10
6.716	10
6.717	10
6.718	10
6.719	10
6.72	10
6.721	10
6.722	10
6.723	10
6.724	10
6.725	10
6.726	10
6.727	10
6.728	10
6.729	10
6.73	10
6.731	10
6.732	10
6.733	10
6.734	10
6.735	10
6.736	7
6.737	5
6.738	10
6.739	10
6.74	10
6.741	10
6.742	9
6.743	9
6.744	9
6.745	10
6.746	8
6.747	8
6.748	10
6.749	10
6.75	9
6.751	5
6.752	10
6.753	10
6.754	10
6.755	10
6.756	10
6.757	10
6.758	10
6.759	10
6.76	8
6.761	8
6.762	10
6.763	10
6.764	10
6.765	10
6.766	10
6.767	10
6.768	7
6.769	7
6.77	8
6.771	8
6.772	10
6.773	10
6.774	10
6.775	10
6.776	8
6.777	8
6.778	8
6.779	8
6.78	10
6.781	10
6.782	7
6.783	5
6.784	10
6.785	10
6.786	10
6.787	10
6.788	9
6.789	7
6.79	10
6.791	10
6.792	10
6.793	10
6.794	9
6.795	9
6.796	9
6.797	9
6.798	9
6.799	6
6.8	6
6.801	6
6.802	10
6.803	10
6.804	10
6.805	10
6.806	10
6.807	10
6.808	9
6.809	10
6.81	10
6.811	10
6.812	10
6.813	10
6.814	9
6.815	9
6.816	9
6.817	9
6.818	9
6.819	9
6.82	10
6.821	10
6.822	10
6.823	10
6.824	10
6.825	10
6.826	10
6.827	10
6.828	10
6.829	9
6.83	10
6.831	10
6.832	10
6.833	10
6.834	9
6.835	7
6.836	7
6.837	7
6.838	10
6.839	10
6.84	10
6.841	10
6.842	8
6.843	8
6.844	10
6.845	10
6.846	10
6.847	10
6.848	10
6.849	10
6.85	10
6.851	10
6.852	10
6.853	10
6.854	7
6.855	10
6.856	10
6.857	10
6.858	10
6.859	10
6.86	10
6.861	10
6.862	10
6.863	10
6.864	10
6.865	10
6.866	10
6.867	10
6.868	10
6.869	10
6.87	8
6.871	9
6.872	9
6.873	9
6.874	10
6.875	10
6.876	10
6.877	10
6.878	10
6.879	10
6.88	10
6.881	9
6.882	9
6.883	10
6.884	8
6.885	8
6.886	10
6.887	10
6.888	10
6.889	10
6.89	8
6.891	8
6.892	10
6.893	10
6.894	10
6.895	10
6.896	10
6.897	10
6.898	10
6.899	9
6.9	9
6.901	9
6.902	9
6.903	9
6.904	10
6.905	10
6.906	9
6.907	9
6.908	10
6.909	10
6.91	9
6.911	9
6.912	10
6.913	10
6.914	10
6.915	10
6.916	10
6.917	7
6.918	10
6.919	10
6.92	10
6.921	10
6.922	10
6.923	10
6.924	10
6.925	10
6.926	10
6.927	10
6.928	10
6.929	10
6.93	9
6.931	9
6.932	9
6.933	8
6.934	10
6.935	10
6.936	10
6.937	9
6.938	10
6.939	10
6.94	10
6.941	10
6.942	8
6.943	8
6.944	10
6.945	10
6.946	10
6.947	10
6.948	9
6.949	9
6.95	9
6.951	9
6.952	9
6.953	9
6.954	10
6.955	10
6.956	10
6.957	10
6.958	10
6.959	10
6.96	9
6.961	7
6.962	10
6.963	9
6.964	9
6.965	9
6.966	10
6.967	7
6.968	10
6.969	9
6.97	10
6.971	10
6.972	10
6.973	10
6.974	9
6.975	9
6.976	9
6.977	8
6.978	10
6.979	10
6.98	10
6.981	10
6.982	9
6.983	9
6.984	10
6.985	10
6.986	10
6.987	10
6.988	9
6.989	10
6.99	10
6.991	9
6.992	9
6.993	9
6.994	9
6.995	9
6.996	10
6.997	10
6.998	10
6.999	10
7	10
7.001	10
7.002	10
7.003	10
7.004	10
7.005	10
7.006	10
7.007	10
7.008	10
7.009	10
7.01	10
7.011	10
7.012	10
7.013	10
7.014	10
7.015	10
7.016	10
7.017	10
7.018	7
7.019	9
7.02	10
7.021	10
7.022	10
7.023	10
7.024	9
7.025	7
7.026	7
7.027	9
7.028	9
7.029	7
7.03	10
7.031	10
7.032	10
7.033	9
7.034	10
7.035	10
7.036	9
7.037	9
7.038	9
7.039	10
7.04	3
7.041	7
7.042	10
7.043	10
7.044	10
7.045	9
7.046	9
7.047	10
7.048	10
7.049	10
7.05	8
7.051	8
7.052	9
7.053	9
7.054	9
7.055	5
7.056	10
7.057	10
7.058	10
7.059	10
7.06	10
7.061	10
7.062	9
7.063	9
7.064	10
7.065	10
7.066	10
7.067	10
7.068	10
7.069	10
7.07	10
7.071	10
7.072	9
7.073	9
7.074	10
7.075	10
7.076	10
7.077	10
7.078	9
7.079	9
7.08	9
7.081	9
7.082	9
7.083	7
7.084	7
7.085	9
7.086	10
7.087	9
7.088	9
7.089	10
7.09	10
7.091	10
7.092	10
7.093	10
7.094	10
7.095	10
7.096	9
7.097	7
7.098	7
7.099	8
7.1	8
7.101	8
7.102	10
7.103	10
7.104	10
7.105	10
7.106	10
7.107	9
7.108	10
7.109	10
7.11	10
7.111	10
7.112	10
7.113	10
7.114	8
7.115	8
7.116	8
7.117	8
7.118	6
7.119	9
7.12	10
7.121	10
7.122	10
7.123	10
7.124	10
7.125	10
7.126	10
7.127	10
7.128	10
7.129	10
7.13	10
7.131	10
7.132	10
7.133	10
7.134	10
7.135	10
7.136	10
7.137	10
7.138	10
7.139	10
7.14	10
7.141	10
7.142	10
7.143	10
7.144	10
7.145	10
7.146	10
7.147	10
7.148	10
7.149	10
7.15	9
7.151	10
7.152	8
7.153	7
7.154	10
7.155	10
7.156	10
7.157	10
7.158	10
7.159	10
7.16	7
7.161	10
7.162	8
7.163	9
7.164	8
7.165	8
7.166	8
7.167	8
7.168	10
7.169	10
7.17	6
7.171	6
7.172	10
7.173	10
7.174	10
7.175	10
7.176	10
7.177	9
7.178	9
7.179	9
7.18	10
7.181	10
7.182	10
7.183	10
7.184	8
7.185	8
7.186	10
7.187	10
7.188	10
7.189	10
7.19	10
7.191	10
7.192	8
7.193	8
7.194	9
7.195	8
7.196	10
7.197	10
7.198	10
7.199	10
7.2	9
7.201	8
7.202	10
7.203	10
7.204	10
7.205	10
7.206	10
7.207	9
7.208	9
7.209	9
7.21	9
7.211	9
7.212	9
7.213	10
7.214	8
7.215	8
7.216	10
7.217	10
7.218	10
7.219	10
7.22	10
7.221	10
7.222	10
7.223	10
7.224	10
7.225	10
7.226	10
7.227	10
7.228	9
7.229	10
7.23	9
7.231	8
7.232	8
7.233	9
7.234	9
7.235	8
7.236	10
7.237	10
7.238	10
7.239	10
7.24	8
7.241	7
7.242	10
7.243	10
7.244	10
7.245	10
7.246	10
7.247	10
7.248	10
7.249	10
7.25	10
7.251	10
7.252	10
7.253	10
7.254	10
7.255	10
7.256	10
7.257	10
7.258	8
7.259	8
7.26	5
7.261	6
7.262	10
7.263	10
7.264	10
7.265	10
7.266	10
7.267	10
7.268	10
7.269	10
7.27	10
7.271	10
7.272	10
7.273	10
7.274	10
7.275	10
7.276	10
7.277	10
7.278	10
7.279	10
7.28	10
7.281	10
7.282	7
7.283	10
7.284	10
7.285	10
7.286	10
7.287	10
7.288	10
7.289	10
7.29	10
7.291	10
7.292	10
7.293	10
7.294	10
7.295	10
7.296	10
7.297	10
7.298	10
7.299	10
7.3	10
7.301	10
7.302	10
7.303	10
7.304	10
7.305	10
7.306	10
7.307	10
7.308	10
7.309	10
7.31	10
7.311	10
7.312	10
7.313	10
7.314	10
7.315	10
7.316	9
7.317	10
7.318	10
7.319	10
7.32	9
7.321	9
7.322	9
7.323	7
7.324	10
7.325	10
7.326	10
7.327	10
7.328	9
7.329	9
7.33	9
7.331	9
7.332	10
7.333	10
7.334	10
7.335	9
7.336	9
7.337	8
7.338	8
7.339	8
7.34	9
7.341	4
7.342	10
7.343	10
7.344	10
7.345	9
7.346	10
7.347	10
7.348	10
7.349	9
7.35	9
7.351	9
7.352	9
7.353	9
7.354	9
7.355	6
7.356	10
7.357	10
7.358	10
7.359	10
7.36	10
7.361	10
7.362	10
7.363	10
7.364	6
7.365	6
7.366	10
7.367	10
7.368	10
7.369	10
7.37	9
7.371	9
7.372	10
7.373	10
7.374	10
7.375	10
7.376	10
7.377	10
7.378	10
7.379	10
7.38	10
7.381	10
7.382	8
7.383	9
7.384	9
7.385	9
7.386	9
7.387	9
7.388	10
7.389	10
7.39	10
7.391	10
7.392	9
7.393	10
7.394	10
7.395	10
7.396	10
7.397	10
7.398	9
7.399	9
7.4	8
7.401	8
7.402	10
7.403	10
7.404	10
7.405	10
7.406	10
7.407	10
7.408	10
7.409	10
7.41	10
7.411	10
7.412	7
7.413	10
7.414	10
7.415	10
7.416	10
7.417	10
7.418	9
7.419	9
7.42	10
7.421	10
7.422	10
7.423	10
7.424	10
7.425	10
7.426	7
7.427	10
7.428	10
7.429	10
7.43	10
7.431	10
7.432	7
7.433	10
7.434	7
7.435	6
7.436	10
7.437	10
7.438	10
7.439	10
7.44	10
7.441	10
7.442	10
7.443	10
7.444	10
7.445	10
7.446	10
7.447	10
7.448	9
7.449	7
7.45	10
7.451	10
7.452	10
7.453	10
7.454	8
7.455	8
7.456	10
7.457	10
7.458	10
7.459	9
7.46	10
7.461	10
7.462	8
7.463	8
7.464	10
7.465	10
7.466	10
7.467	10
7.468	10
7.469	10
7.47	8
7.471	8
7.472	10
7.473	10
7.474	10
7.475	10
7.476	10
7.477	10
7.478	10
7.479	10
7.48	9
7.481	9
7.482	10
7.483	10
7.484	10
7.485	10
7.486	8
7.487	9
7.488	10
7.489	10
7.49	10
7.491	10
7.492	10
7.493	10
7.494	10
7.495	10
7.496	10
7.497	10
7.498	10
7.499	10
7.5	10
7.501	9
7.502	10
7.503	10
7.504	10
7.505	10
7.506	6
7.507	6
7.508	10
7.509	10
7.51	10
7.511	10
7.512	10
7.513	10
7.514	4
7.515	9
7.516	9
7.517	9
7.518	9
7.519	8
7.52	10
7.521	10
7.522	10
7.523	10
7.524	10
7.525	10
7.526	8
7.527	8
7.528	10
7.529	10
7.53	9
7.531	10
7.532	8
7.533	8
7.534	8
7.535	8
7.536	10
7.537	10
7.538	10
7.539	10
7.54	10
7.541	10
7.542	10
7.543	10
7.544	10
7.545	10
7.546	10
7.547	10
7.548	10
7.549	10
7.55	10
7.551	10
7.552	10
7.553	10
7.554	9
7.555	7
7.556	10
7.557	10
7.558	10
7.559	10
7.56	10
7.561	9
7.562	9
7.563	9
7.564	10
7.565	10
7.566	7
7.567	9
7.568	10
7.569	10
7.57	10
7.571	10
7.572	9
7.573	8
7.574	10
7.575	10
7.576	10
7.577	10
7.578	10
7.579	10
7.58	10
7.581	10
7.582	10
7.583	10
7.584	10
7.585	10
7.586	10
7.587	10
7.588	10
7.589	9
7.59	9
7.591	10
7.592	10
7.593	10
7.594	10
7.595	10
7.596	10
7.597	10
7.598	9
7.599	9
7.6	10
7.601	10
7.602	10
7.603	9
7.604	9
7.605	10
7.606	10
7.607	10
7.608	9
7.609	9
7.61	9
7.611	10
7.612	10
7.613	10
7.614	10
7.615	10
7.616	10
7.617	10
7.618	7
7.619	7
7.62	7
7.621	9
7.622	9
7.623	7
7.624	7
7.625	7
7.626	10
7.627	10
7.628	10
7.629	10
7.63	9
7.631	9
7.632	9
7.633	10
7.634	10
7.635	10
7.636	10
7.637	10
7.638	10
7.639	10
7.64	9
7.641	9
7.642	9
7.643	8
7.644	10
7.645	10
7.646	10
7.647	10
7.648	10
7.649	7
7.65	10
7.651	10
7.652	10
7.653	10
7.654	10
7.655	10
7.656	10
7.657	10
7.658	10
7.659	10
7.66	10
7.661	10
7.662	10
7.663	10
7.664	10
7.665	10
7.666	10
7.667	10
7.668	10
7.669	10
7.67	10
7.671	10
7.672	10
7.673	10
7.674	10
7.675	10
7.676	10
7.677	10
7.678	10
7.679	10
7.68	10
7.681	10
7.682	10
7.683	10
7.684	10
7.685	10
7.686	10
7.687	10
7.688	10
7.689	10
7.69	10
7.691	10
7.692	10
7.693	10
7.694	7
7.695	9
7.696	10
7.697	10
7.698	10
7.699	10
7.7	8
7.701	9
7.702	10
7.703	10
7.704	10
7.705	10
7.706	10
7.707	10
7.708	10
7.709	7
7.71	10
7.711	10
7.712	10
7.713	10
7.714	10
7.715	10
7.716	10
7.717	10
7.718	9
7.719	10
7.72	9
7.721	7
7.722	10
7.723	10
7.724	10
7.725	10
7.726	10
7.727	10
7.728	10
7.729	10
7.73	10
7.731	10
7.732	10
7.733	9
7.734	9
7.735	10
7.736	10
7.737	9
7.738	10
7.739	10
7.74	9
7.741	10
7.742	10
7.743	10
7.744	10
7.745	10
7.746	8
7.747	9
7.748	9
7.749	9
7.75	9
7.751	9
7.752	10
7.753	9
7.754	10
7.755	10
7.756	10
7.757	10
7.758	9
7.759	8
7.76	10
7.761	10
7.762	10
7.763	10
7.764	10
7.765	10
7.766	10
7.767	10
7.768	10
7.769	10
7.77	10
7.771	10
7.772	8
7.773	8
7.774	10
7.775	10
7.776	10
7.777	10
7.778	10
7.779	9
7.78	8
7.781	8
7.782	8
7.783	8
7.784	10
7.785	10
7.786	10
7.787	10
7.788	6
7.789	6
7.79	10
7.791	10
7.792	10
7.793	10
7.794	10
7.795	10
7.796	10
7.797	10
7.798	9
7.799	9
7.8	10
7.801	10
7.802	10
7.803	10
7.804	9
7.805	9
7.806	9
7.807	10
7.808	10
7.809	10
7.81	9
7.811	10
7.812	9
7.813	9
7.814	9
7.815	7
7.816	7
7.817	8
7.818	8
7.819	8
7.82	10
7.821	9
7.822	9
7.823	8
7.824	10
7.825	10
7.826	10
7.827	10
7.828	7
7.829	7
7.83	8
7.831	9
7.832	10
7.833	10
7.834	10
7.835	10
7.836	9
7.837	9
7.838	9
7.839	10
7.84	10
7.841	10
7.842	10
7.843	10
7.844	10
7.845	10
7.846	8
7.847	8
7.848	8
7.849	9
7.85	9
7.851	6
7.852	10
7.853	10
7.854	10
7.855	10
7.856	5
7.857	8
7.858	10
7.859	10
7.86	10
7.861	10
7.862	10
7.863	10
7.864	10
7.865	10
7.866	10
7.867	10
7.868	10
7.869	10
7.87	10
7.871	10
7.872	10
7.873	10
7.874	9
7.875	9
7.876	10
7.877	10
7.878	10
7.879	10
7.88	6
7.881	6
7.882	10
7.883	10
7.884	10
7.885	10
7.886	10
7.887	10
7.888	10
7.889	10
7.89	9
7.891	10
7.892	10
7.893	10
7.894	5
7.895	5
7.896	10
7.897	10
7.898	10
7.899	10
7.9	10
7.901	10
7.902	10
7.903	10
7.904	8
7.905	8
7.906	10
7.907	10
7.908	10
7.909	10
7.91	9
7.911	9
7.912	9
7.913	7
7.914	10
7.915	9
7.916	10
7.917	10
7.918	10
7.919	10
7.92	10
7.921	10
7.922	8
7.923	8
7.924	8
7.925	8
7.926	10
7.927	10
7.928	10
7.929	10
7.93	10
7.931	10
7.932	10
7.933	10
7.934	10
7.935	10
7.936	9
7.937	9
7.938	10
7.939	10
7.94	10
7.941	10
7.942	10
7.943	10
7.944	9
7.945	9
7.946	10
7.947	10
7.948	10
7.949	10
7.95	10
7.951	10
7.952	10
7.953	9
7.954	9
7.955	10
7.956	9
7.957	5
7.958	5
7.959	9
7.96	10
7.961	10
7.962	10
7.963	10
7.964	10
7.965	10
7.966	10
7.967	10
7.968	10
7.969	10
7.97	10
7.971	10
7.972	10
7.973	10
7.974	10
7.975	9
7.976	10
7.977	9
7.978	9
7.979	9
7.98	10
7.981	10
7.982	9
7.983	9
7.984	9
7.985	9
7.986	10
7.987	10
7.988	10
7.989	10
7.99	10
7.991	10
7.992	10
7.993	10
7.994	10
7.995	10
7.996	10
7.997	10
7.998	10
7.999	10
8	10
8.001	10
8.002	10
8.003	10
8.004	9
8.005	9
8.006	10
8.007	10
8.008	10
8.009	10
8.01	9
8.011	9
8.012	9
8.013	10
8.014	9
8.015	9
8.016	6
8.017	6
8.018	10
8.019	10
8.02	10
8.021	10
8.022	10
8.023	10
8.024	10
8.025	9
8.026	9
8.027	9
8.028	9
8.029	10
8.03	8
8.031	7
8.032	10
8.033	10
8.034	10
8.035	10
8.036	10
8.037	10
8.038	9
8.039	7
8.04	7
8.041	7
8.042	7
8.043	9
8.044	9
8.045	9
8.046	8
8.047	8
8.048	10
8.049	10
8.05	10
8.051	10
8.052	10
8.053	10
8.054	10
8.055	10
8.056	10
8.057	10
8.058	10
8.059	10
8.06	10
8.061	10
8.062	10
8.063	10
8.064	10
8.065	10
8.066	10
8.067	10
8.068	9
8.069	6
8.07	10
8.071	10
8.072	10
8.073	10
8.074	10
8.075	10
8.076	10
8.077	10
8.078	10
8.079	10
8.08	10
8.081	10
8.082	10
8.083	10
8.084	10
8.085	10
8.086	5
8.087	10
8.088	10
8.089	10
8.09	10
8.091	10
8.092	10
8.093	10
8.094	9
8.095	9
8.096	10
8.097	10
8.098	10
8.099	10
8.1	10
8.101	9
8.102	10
8.103	10
8.104	9
8.105	9
8.106	10
8.107	10
8.108	9
8.109	9
8.11	9
8.111	9
8.112	9
8.113	9
8.114	10
8.115	10
8.116	10
8.117	10
8.118	10
8.119	10
8.12	10
8.121	10
8.122	10
8.123	10
8.124	10
8.125	10
8.126	10
8.127	10
8.128	10
8.129	10
8.13	9
8.131	7
8.132	10
8.133	10
8.134	7
8.135	4
8.136	10
8.137	10
8.138	10
8.139	10
8.14	10
8.141	10
8.142	10
8.143	10
8.144	10
8.145	10
8.146	10
8.147	10
8.148	5
8.149	7
8.15	10
8.151	10
8.152	10
8.153	10
8.154	10
8.155	10
8.156	10
8.157	10
8.158	10
8.159	10
8.16	6
8.161	7
8.162	10
8.163	10
8.164	10
8.165	10
8.166	8
8.167	7
8.168	10
8.169	10
8.17	10
8.171	10
8.172	9
8.173	7
8.174	10
8.175	9
8.176	9
8.177	9
8.178	9
8.179	10
8.18	10
8.181	10
8.182	10
8.183	10
8.184	10
8.185	10
8.186	9
8.187	9
8.188	10
8.189	10
8.19	10
8.191	10
8.192	9
8.193	9
8.194	9
8.195	8
8.196	10
8.197	10
8.198	10
8.199	10
8.2	9
8.201	9
8.202	10
8.203	10
8.204	8
8.205	8
8.206	10
8.207	10
8.208	10
8.209	10
8.21	10
8.211	10
8.212	10
8.213	10
8.214	10
8.215	10
8.216	5
8.217	5
8.218	10
8.219	10
8.22	10
8.221	10
8.222	10
8.223	10
8.224	10
8.225	10
8.226	10
8.227	9
8.228	10
8.229	10
8.23	10
8.231	10
8.232	10
8.233	10
8.234	10
8.235	10
8.236	10
8.237	10
8.238	10
8.239	10
8.24	8
8.241	8
8.242	8
8.243	8
8.244	10
8.245	10
8.246	10
8.247	10
8.248	8
8.249	9
8.25	9
8.251	9
8.252	9
8.253	9
8.254	9
8.255	7
8.256	10
8.257	10
8.258	10
8.259	10
8.26	10
8.261	10
8.262	10
8.263	10
8.264	10
8.265	10
8.266	10
8.267	10
8.268	10
8.269	10
8.27	10
8.271	10
8.272	10
8.273	10
8.274	10
8.275	10
8.276	10
8.277	9
8.278	8
8.279	8
8.28	8
8.281	9
8.282	9
8.283	10
8.284	10
8.285	10
8.286	10
8.287	10
8.288	7
8.289	10
8.29	10
8.291	10
8.292	10
8.293	10
8.294	10
8.295	10
8.296	10
8.297	10
8.298	10
8.299	10
8.3	10
8.301	10
8.302	10
8.303	10
8.304	10
8.305	10
8.306	8
8.307	8
8.308	10
8.309	10
8.31	10
8.311	10
8.312	10
8.313	10
8.314	7
8.315	6
8.316	10
8.317	10
8.318	10
8.319	10
8.32	10
8.321	10
8.322	9
8.323	7
8.324	7
8.325	9
8.326	10
8.327	10
8.328	5
8.329	9
8.33	10
8.331	10
8.332	10
8.333	10
8.334	10
8.335	10
8.336	10
8.337	10
8.338	10
8.339	10
8.34	10
8.341	10
8.342	10
8.343	10
8.344	9
8.345	9
8.346	10
8.347	10
8.348	10
8.349	10
8.35	7
8.351	9
8.352	10
8.353	10
8.354	10
8.355	10
8.356	10
8.357	10
8.358	10
8.359	10
8.36	10
8.361	10
8.362	10
8.363	10
8.364	10
8.365	9
8.366	10
8.367	10
8.368	10
8.369	10
8.37	10
8.371	10
8.372	9
8.373	9
8.374	10
8.375	10
8.376	10
8.377	10
8.378	10
8.379	10
8.38	10
8.381	10
8.382	10
8.383	10
8.384	10
8.385	9
8.386	10
8.387	10
8.388	10
8.389	10
8.39	10
8.391	10
8.392	10
8.393	10
8.394	10
8.395	10
8.396	10
8.397	10
8.398	10
8.399	10
8.4	7
8.401	9
8.402	9
8.403	10
8.404	9
8.405	7
8.406	10
8.407	10
8.408	10
8.409	10
8.41	10
8.411	10
8.412	10
8.413	10
8.414	10
8.415	10
8.416	8
8.417	8
8.418	10
8.419	10
8.42	10
8.421	10
8.422	10
8.423	10
8.424	10
8.425	10
8.426	10
8.427	10
8.428	10
8.429	10
8.43	10
8.431	10
8.432	10
8.433	10
8.434	10
8.435	10
8.436	10
8.437	10
8.438	10
8.439	10
8.44	10
8.441	10
8.442	10
8.443	10
8.444	10
8.445	10
8.446	10
8.447	10
8.448	10
8.449	10
8.45	10
8.451	9
8.452	10
8.453	9
8.454	10
8.455	10
8.456	10
8.457	10
8.458	10
8.459	10
8.46	10
8.461	10
8.462	10
8.463	10
8.464	10
8.465	10
8.466	10
8.467	10
8.468	10
8.469	10
8.47	9
8.471	5
8.472	10
8.473	10
8.474	10
8.475	10
8.476	10
8.477	10
8.478	10
8.479	10
8.48	10
8.481	10
8.482	10
8.483	10
8.484	10
8.485	9
8.486	10
8.487	10
8.488	10
8.489	10
8.49	10
8.491	10
8.492	10
8.493	10
8.494	10
8.495	10
8.496	10
8.497	10
8.498	10
8.499	10
8.5	10
8.501	10
8.502	10
8.503	9
8.504	10
8.505	10
8.506	9
8.507	8
8.508	8
8.509	8
8.51	10
8.511	10
8.512	10
8.513	10
8.514	10
8.515	10
8.516	9
8.517	9
8.518	9
8.519	10
8.52	8
8.521	8
8.522	10
8.523	10
8.524	10
8.525	10
8.526	10
8.527	10
8.528	7
8.529	7
8.53	7
8.531	5
8.532	10
8.533	10
8.534	10
8.535	10
8.536	8
8.537	8
8.538	10
8.539	10
8.54	10
8.541	10
8.542	10
8.543	10
8.544	10
8.545	10
8.546	8
8.547	8
8.548	10
8.549	10
8.55	10
8.551	10
8.552	10
8.553	10
8.554	10
8.555	10
8.556	10
8.557	9
8.558	10
8.559	10
8.56	10
8.561	10
8.562	10
8.563	10
8.564	9
8.565	9
8.566	10
8.567	9
8.568	9
8.569	9
8.57	9
8.571	9
8.572	10
8.573	9
8.574	9
8.575	9
8.576	10
8.577	7
8.578	10
8.579	10
8.58	9
8.581	9
8.582	10
8.583	10
8.584	10
8.585	10
8.586	10
8.587	10
8.588	9
8.589	10
8.59	10
8.591	10
8.592	10
8.593	10
8.594	10
8.595	10
8.596	10
8.597	10
8.598	10
8.599	10
8.6	10
8.601	10
8.602	8
8.603	8
8.604	10
8.605	10
8.606	9
8.607	9
8.608	10
8.609	10
8.61	10
8.611	10
8.612	10
8.613	10
8.614	8
8.615	8
8.616	6
8.617	9
8.618	10
8.619	10
8.62	10
8.621	10
8.622	10
8.623	10
8.624	10
8.625	10
8.626	9
8.627	7
8.628	10
8.629	10
8.63	9
8.631	9
8.632	9
8.633	8
8.634	6
8.635	6
8.636	10
8.637	10
8.638	10
8.639	10
8.64	10
8.641	10
8.642	9
8.643	9
8.644	9
8.645	9
8.646	9
8.647	10
8.648	10
8.649	10
8.65	10
8.651	10
8.652	10
8.653	10
8.654	9
8.655	9
8.656	10
8.657	10
8.658	9
8.659	9
8.66	8
8.661	8
8.662	8
8.663	9
8.664	9
8.665	8
8.666	9
8.667	10
8.668	10
8.669	10
8.67	10
8.671	10
8.672	10
8.673	10
8.674	10
8.675	10
8.676	10
8.677	10
8.678	10
8.679	10
8.68	9
8.681	9
8.682	9
8.683	9
8.684	9
8.685	10
8.686	10
8.687	10
8.688	10
8.689	10
8.69	10
8.691	9
8.692	9
8.693	10
8.694	10
8.695	10
8.696	10
8.697	10
8.698	10
8.699	10
8.7	8
8.701	9
8.702	10
8.703	10
8.704	10
8.705	10
8.706	10
8.707	10
8.708	10
8.709	10
8.71	10
8.711	10
8.712	10
8.713	10
8.714	10
8.715	10
8.716	10
8.717	10
8.718	10
8.719	10
8.72	6
8.721	6
8.722	10
8.723	10
8.724	10
8.725	10
8.726	10
8.727	10
8.728	10
8.729	10
8.73	7
8.731	9
8.732	10
8.733	10
8.734	9
8.735	6
8.736	6
8.737	9
8.738	9
8.739	9
8.74	10
8.741	10
8.742	10
8.743	10
8.744	10
8.745	10
8.746	8
8.747	9
8.748	9
8.749	7
8.75	7
8.751	9
8.752	10
8.753	9
8.754	9
8.755	9
8.756	9
8.757	10
8.758	10
8.759	10
8.76	10
8.761	10
8.762	9
8.763	10
8.764	10
8.765	9
8.766	9
8.767	9
8.768	10
8.769	10
8.77	10
8.771	10
8.772	10
8.773	10
8.774	10
8.775	10
8.776	10
8.777	10
8.778	10
8.779	10
8.78	10
8.781	10
8.782	10
8.783	10
8.784	10
8.785	10
8.786	9
8.787	10
8.788	10
8.789	10
8.79	10
8.791	10
8.792	10
8.793	10
8.794	10
8.795	10
8.796	8
8.797	8
8.798	10
8.799	10
8.8	10
8.801	9
8.802	9
8.803	9
8.804	10
8.805	10
8.806	10
8.807	10
8.808	10
8.809	10
8.81	10
8.811	10
8.812	10
8.813	10
8.814	9
8.815	7
8.816	7
8.817	9
8.818	10
8.819	10
8.82	8
8.821	8
8.822	10
8.823	10
8.824	10
8.825	9
8.826	9
8.827	9
8.828	9
8.829	9
8.83	9
8.831	9
8.832	9
8.833	10
8.834	10
8.835	10
8.836	10
8.837	10
8.838	9
8.839	8
8.84	9
8.841	9
8.842	10
8.843	10
8.844	10
8.845	10
8.846	10
8.847	10
8.848	10
8.849	10
8.85	10
8.851	10
8.852	10
8.853	10
8.854	10
8.855	9
8.856	10
8.857	10
8.858	3
8.859	9
8.86	10
8.861	9
8.862	10
8.863	10
8.864	10
8.865	10
8.866	10
8.867	10
8.868	10
8.869	10
8.87	10
8.871	10
8.872	10
8.873	10
8.874	10
8.875	10
8.876	10
8.877	10
8.878	10
8.879	10
8.88	10
8.881	10
8.882	10
8.883	10
8.884	9
8.885	10
8.886	9
8.887	9
8.888	10
8.889	10
8.89	10
8.891	10
8.892	10
8.893	10
8.894	10
8.895	10
8.896	10
8.897	10
8.898	10
8.899	10
8.9	10
8.901	10
8.902	10
8.903	10
8.904	8
8.905	8
8.906	10
8.907	10
8.908	10
8.909	10
8.91	10
8.911	9
8.912	10
8.913	10
8.914	10
8.915	10
8.916	8
8.917	8
8.918	10
8.919	10
8.92	8
8.921	8
8.922	8
8.923	8
8.924	10
8.925	9
8.926	10
8.927	10
8.928	10
8.929	10
8.93	10
8.931	10
8.932	10
8.933	10
8.934	8
8.935	8
8.936	8
8.937	7
8.938	7
8.939	9
8.94	9
8.941	7
8.942	10
8.943	10
8.944	10
8.945	10
8.946	10
8.947	10
8.948	10
8.949	10
8.95	10
8.951	10
8.952	10
8.953	9
8.954	10
8.955	10
8.956	10
8.957	10
8.958	10
8.959	10
8.96	7
8.961	7
8.962	10
8.963	10
8.964	10
8.965	10
8.966	10
8.967	10
8.968	6
8.969	6
8.97	10
8.971	10
8.972	10
8.973	10
8.974	9
8.975	9
8.976	9
8.977	9
8.978	10
8.979	10
8.98	10
8.981	10
8.982	10
8.983	10
8.984	10
8.985	10
8.986	10
8.987	10
8.988	10
8.989	10
8.99	10
8.991	10
8.992	10
8.993	10
8.994	10
8.995	10
8.996	9
8.997	5
8.998	10
8.999	10
9	10
9.001	10
9.002	10
9.003	10
9.004	10
9.005	10
9.006	10
9.007	10
9.008	7
9.009	5
9.01	10
9.011	10
9.012	10
9.013	10
9.014	9
9.015	7
9.016	10
9.017	10
9.018	9
9.019	7
9.02	7
9.021	7
9.022	7
9.023	8
9.024	8
9.025	7
9.026	10
9.027	10
9.028	10
9.029	10
9.03	10
9.031	10
9.032	9
9.033	9
9.034	10
9.035	10
9.036	10
9.037	10
9.038	8
9.039	9
9.04	10
9.041	10
9.042	10
9.043	10
9.044	10
9.045	10
9.046	10
9.047	10
9.048	10
9.049	10
9.05	8
9.051	8
9.052	10
9.053	10
9.054	10
9.055	10
9.056	10
9.057	10
9.058	10
9.059	10
9.06	10
9.061	10
9.062	10
9.063	10
9.064	9
9.065	10
9.066	10
9.067	9
9.068	10
9.069	10
9.07	10
9.071	10
9.072	10
9.073	9
9.074	10
9.075	10
9.076	10
9.077	10
9.078	10
9.079	10
9.08	10
9.081	10
9.082	10
9.083	10
9.084	8
9.085	8
9.086	8
9.087	9
9.088	9
9.089	9
9.09	10
9.091	10
9.092	8
9.093	9
9.094	10
9.095	9
9.096	9
9.097	10
9.098	9
9.099	10
9.1	8
9.101	8
9.102	8
9.103	7
9.104	10
9.105	10
9.106	9
9.107	9
9.108	9
9.109	9
9.11	10
9.111	10
9.112	10
9.113	10
9.114	7
9.115	9
9.116	9
9.117	9
9.118	9
9.119	10
9.12	9
9.121	8
9.122	10
9.123	10
9.124	10
9.125	10
9.126	10
9.127	10
9.128	10
9.129	10
9.13	10
9.131	10
9.132	10
9.133	10
9.134	10
9.135	10
9.136	10
9.137	10
9.138	10
9.139	10
9.14	10
9.141	10
9.142	10
9.143	9
9.144	9
9.145	9
9.146	9
9.147	7
9.148	10
9.149	10
9.15	10
9.151	10
9.152	9
9.153	9
9.154	10
9.155	10
9.156	10
9.157	10
9.158	6
9.159	6
9.16	8
9.161	8
9.162	10
9.163	10
9.164	7
9.165	9
9.166	9
9.167	9
9.168	9
9.169	8
9.17	10
9.171	10
9.172	10
9.173	10
9.174	10
9.175	10
9.176	10
9.177	10
9.178	10
9.179	10
9.18	9
9.181	10
9.182	10
9.183	10
9.184	9
9.185	10
9.186	10
9.187	10
9.188	10
9.189	7
9.19	10
9.191	10
9.192	10
9.193	10
9.194	10
9.195	10
9.196	10
9.197	10
9.198	10
9.199	10
9.2	10
9.201	10
9.202	10
9.203	10
9.204	10
9.205	9
9.206	10
9.207	10
9.208	10
9.209	9
9.21	9
9.211	9
9.212	10
9.213	10
9.214	9
9.215	9
9.216	10
9.217	10
9.218	10
9.219	10
9.22	10
9.221	10
9.222	10
9.223	10
9.224	9
9.225	9
9.226	9
9.227	9
9.228	9
9.229	9
9.23	9
9.231	9
9.232	9
9.233	8
9.234	10
9.235	10
9.236	10
9.237	10
9.238	10
9.239	10
9.24	10
9.241	10
9.242	10
9.243	10
9.244	10
9.245	10
9.246	10
9.247	9
9.248	9
9.249	9
9.25	10
9.251	10
9.252	10
9.253	10
9.254	8
9.255	9
9.256	10
9.257	10
9.258	10
9.259	10
9.26	10
9.261	10
9.262	10
9.263	10
9.264	10
9.265	10
9.266	8
9.267	9
9.268	10
9.269	10
9.27	10
9.271	10
9.272	10
9.273	10
9.274	10
9.275	10
9.276	10
9.277	10
9.278	7
9.279	10
9.28	10
9.281	10
9.282	10
9.283	10
9.284	9
9.285	9
9.286	10
9.287	10
9.288	10
9.289	9
9.29	9
9.291	9
9.292	10
9.293	7
9.294	8
9.295	8
9.296	9
9.297	9
9.298	9
9.299	10
9.3	10
9.301	10
9.302	10
9.303	10
9.304	10
9.305	10
9.306	10
9.307	10
9.308	10
9.309	10
9.31	10
9.311	10
9.312	10
9.313	9
9.314	9
9.315	9
9.316	9
9.317	7
9.318	7
9.319	9
9.32	10
9.321	10
9.322	10
9.323	10
9.324	9
9.325	10
9.326	10
9.327	10
9.328	10
9.329	10
9.33	10
9.331	9
9.332	10
9.333	9
9.334	9
9.335	8
9.336	10
9.337	10
9.338	10
9.339	10
9.34	10
9.341	10
9.342	9
9.343	9
9.344	10
9.345	10
9.346	10
9.347	10
9.348	10
9.349	10
9.35	10
9.351	10
9.352	10
9.353	10
9.354	10
9.355	10
9.356	9
9.357	8
9.358	10
9.359	10
9.36	10
9.361	9
9.362	9
9.363	9
9.364	10
9.365	10
9.366	10
9.367	10
9.368	10
9.369	10
9.37	10
9.371	10
9.372	8
9.373	8
9.374	10
9.375	10
9.376	10
9.377	10
9.378	10
9.379	9
9.38	8
9.381	9
9.382	10
9.383	10
9.384	10
9.385	10
9.386	10
9.387	10
9.388	10
9.389	10
9.39	10
9.391	10
9.392	10
9.393	10
9.394	9
9.395	8
9.396	10
9.397	10
9.398	10
9.399	10
9.4	10
9.401	10
9.402	8
9.403	8
9.404	10
9.405	10
9.406	10
9.407	9
9.408	9
9.409	10
9.41	9
9.411	9
9.412	10
9.413	10
9.414	10
9.415	10
9.416	10
9.417	10
9.418	9
9.419	10
9.42	10
9.421	10
9.422	10
9.423	9
9.424	9
9.425	9
9.426	9
9.427	9
9.428	8
9.429	8
9.43	10
9.431	10
9.432	8
9.433	8
9.434	8
9.435	8
9.436	6
9.437	6
9.438	6
9.439	9
9.44	9
9.441	9
9.442	10
9.443	10
9.444	10
9.445	10
9.446	10
9.447	10
9.448	10
9.449	10
9.45	10
9.451	10
9.452	10
9.453	10
9.454	10
9.455	10
9.456	9
9.457	10
9.458	10
9.459	10
9.46	10
9.461	9
9.462	10
9.463	10
9.464	9
9.465	8
9.466	8
9.467	8
9.468	10
9.469	10
9.47	10
9.471	10
9.472	10
9.473	10
9.474	7
9.475	9
9.476	10
9.477	10
9.478	10
9.479	10
9.48	10
9.481	10
9.482	10
9.483	10
9.484	10
9.485	10
9.486	10
9.487	10
9.488	10
9.489	10
9.49	10
9.491	10
9.492	4
9.493	9
9.494	10
9.495	10
9.496	10
9.497	10
9.498	10
9.499	10
9.5	8
9.501	8
9.502	10
9.503	10
9.504	10
9.505	10
9.506	10
9.507	10
9.508	9
9.509	7
9.51	10
9.511	10
9.512	10
9.513	10
9.514	8
9.515	8
9.516	10
9.517	10
9.518	10
9.519	10
9.52	10
9.521	9
9.522	9
9.523	9
9.524	10
9.525	10
9.526	10
9.527	10
9.528	8
9.529	7
9.53	7
9.531	10
9.532	10
9.533	10
9.534	10
9.535	10
9.536	10
9.537	10
9.538	10
9.539	10
9.54	10
9.541	10
9.542	10
9.543	10
9.544	10
9.545	10
9.546	10
9.547	10
9.548	10
9.549	10
9.55	10
9.551	10
9.552	10
9.553	10
9.554	10
9.555	10
9.556	8
9.557	5
9.558	10
9.559	10
9.56	10
9.561	10
9.562	10
9.563	7
9.564	10
9.565	10
9.566	7
9.567	8
9.568	10
9.569	10
9.57	7
9.571	9
9.572	10
9.573	10
9.574	10
9.575	10
9.576	8
9.577	8
9.578	10
9.579	10
9.58	10
9.581	10
9.582	10
9.583	10
9.584	10
9.585	10
9.586	10
9.587	10
9.588	9
9.589	9
9.59	10
9.591	10
9.592	10
9.593	10
9.594	10
9.595	10
9.596	10
9.597	10
9.598	10
9.599	10
9.6	10
9.601	10
9.602	10
9.603	10
9.604	9
9.605	9
9.606	10
9.607	10
9.608	10
9.609	10
9.61	10
9.611	10
9.612	10
9.613	10
9.614	9
9.615	9
9.616	10
9.617	10
9.618	10
9.619	10
9.62	9
9.621	9
9.622	10
9.623	10
9.624	10
9.625	10
9.626	9
9.627	9
9.628	8
9.629	8
9.63	8
9.631	8
9.632	10
9.633	10
9.634	8
9.635	8
9.636	8
9.637	8
9.638	10
9.639	10
9.64	10
9.641	10
9.642	10
9.643	10
9.644	7
9.645	9
9.646	10
9.647	10
9.648	10
9.649	10
9.65	10
9.651	10
9.652	10
9.653	10
9.654	10
9.655	10
9.656	10
9.657	9
9.658	10
9.659	10
9.66	10
9.661	10
9.662	10
9.663	10
9.664	10
9.665	10
9.666	10
9.667	10
9.668	10
9.669	10
9.67	10
9.671	10
9.672	10
9.673	10
9.674	10
9.675	10
9.676	10
9.677	10
9.678	10
9.679	10
9.68	10
9.681	10
9.682	10
9.683	10
9.684	8
9.685	8
9.686	10
9.687	10
9.688	10
9.689	10
9.69	9
9.691	9
9.692	10
9.693	10
9.694	8
9.695	8
9.696	8
9.697	8
9.698	10
9.699	10
9.7	10
9.701	10
9.702	10
9.703	10
9.704	10
9.705	10
9.706	10
9.707	10
9.708	6
9.709	6
9.71	6
9.711	6
9.712	7
9.713	9
9.714	10
9.715	10
9.716	10
9.717	10
9.718	8
9.719	8
9.72	10
9.721	10
9.722	10
9.723	10
9.724	10
9.725	10
9.726	10
9.727	10
9.728	10
9.729	10
9.73	9
9.731	8
9.732	10
9.733	10
9.734	10
9.735	10
9.736	10
9.737	10
9.738	5
9.739	9
9.74	10
9.741	10
9.742	10
9.743	10
9.744	8
9.745	9
9.746	9
9.747	10
9.748	8
9.749	8
9.75	8
9.751	8
9.752	7
9.753	7
9.754	7
9.755	9
9.756	10
9.757	10
9.758	10
9.759	10
9.76	8
9.761	9
9.762	10
9.763	10
9.764	8
9.765	8
9.766	10
9.767	9
9.768	10
9.769	10
9.77	10
9.771	10
9.772	10
9.773	10
9.774	10
9.775	10
9.776	10
9.777	10
9.778	10
9.779	10
9.78	10
9.781	10
9.782	10
9.783	10
9.784	9
9.785	7
9.786	7
9.787	9
9.788	9
9.789	6
9.79	9
9.791	9
9.792	10
9.793	10
9.794	10
9.795	10
9.796	10
9.797	10
9.798	10
9.799	10
9.8	10
9.801	10
9.802	10
9.803	10
9.804	10
9.805	9
9.806	10
9.807	10
9.808	10
9.809	10
9.81	9
9.811	10
9.812	10
9.813	10
9.814	10
9.815	10
9.816	10
9.817	10
9.818	10
9.819	10
9.82	10
9.821	10
9.822	10
9.823	10
9.824	10
9.825	10
9.826	10
9.827	10
9.828	10
9.829	10
9.83	9
9.831	9
9.832	10
9.833	10
9.834	10
9.835	10
9.836	10
9.837	10
9.838	10
9.839	10
9.84	10
9.841	10
9.842	10
9.843	10
9.844	10
9.845	10
9.846	10
9.847	10
9.848	10
9.849	9
9.85	10
9.851	10
9.852	10
9.853	10
9.854	10
9.855	10
9.856	10
9.857	10
9.858	10
9.859	10
9.86	10
9.861	10
9.862	10
9.863	10
9.864	10
9.865	10
9.866	10
9.867	10
9.868	10
9.869	10
9.87	10
9.871	10
9.872	10
9.873	9
9.874	9
9.875	9
9.876	9
9.877	9
9.878	9
9.879	9
9.88	9
9.881	9
9.882	10
9.883	10
9.884	10
9.885	10
9.886	10
9.887	10
9.888	10
9.889	10
9.89	10
9.891	10
9.892	10
9.893	10
9.894	10
9.895	10
9.896	10
9.897	10
9.898	10
9.899	10
9.9	9
9.901	9
9.902	10
9.903	10
9.904	10
9.905	10
9.906	6
9.907	6
9.908	8
9.909	8
9.91	9
9.911	9
9.912	10
9.913	10
9.914	10
9.915	10
9.916	10
9.917	10
9.918	10
9.919	10
9.92	10
9.921	10
9.922	10
9.923	9
9.924	10
9.925	10
9.926	10
9.927	10
9.928	9
9.929	9
9.93	10
9.931	10
9.932	10
9.933	10
9.934	10
9.935	10
9.936	10
9.937	10
9.938	10
9.939	10
9.94	10
9.941	10
9.942	10
9.943	10
9.944	6
9.945	9
9.946	9
9.947	10
9.948	10
9.949	10
9.95	10
9.951	10
9.952	9
9.953	10
9.954	10
9.955	10
9.956	10
9.957	10
9.958	9
9.959	9
9.96	9
9.961	6
9.962	9
9.963	9
9.964	9
9.965	10
9.966	8
9.967	9
9.968	10
9.969	10
9.97	10
9.971	10
9.972	8
9.973	9
9.974	10
9.975	10
9.976	10
9.977	10
9.978	10
9.979	10
9.98	10
9.981	10
9.982	9
9.983	10
9.984	10
9.985	10
9.986	10
9.987	10
9.988	10
9.989	10
9.99	9
9.991	7
9.992	10
9.993	10
9.994	10
9.995	10
9.996	9
9.997	10
9.998	10
9.999	10
10	10
10.001	10
10.002	10
10.003	10
10.004	10
10.005	10
10.006	8
10.007	8
10.008	9
10.009	9
10.01	9
10.011	9
10.012	9
