% time	cellId	IMSI	frame	sframe	RNTI	mcs	size
0.026	1	4	3	7	1	0	19
0.026	1	7	3	7	2	0	19
0.026	1	9	3	7	3	0	19
0.026	1	5	3	7	4	0	19
0.027	1	4	3	8	1	0	19
0.027	1	7	3	8	2	0	19
0.027	1	9	3	8	3	0	19
0.027	1	5	3	8	4	0	19
0.028	1	4	3	9	1	0	19
0.028	1	7	3	9	2	0	19
0.028	1	9	3	9	3	0	19
0.028	1	5	3	9	4	0	19
0.029	1	4	3	10	1	0	19
0.029	1	7	3	10	2	0	19
0.03	1	9	4	1	3	0	19
0.03	1	5	4	1	4	0	19
0.03	1	4	4	1	1	0	19
0.03	1	7	4	1	2	0	19
0.031	1	9	4	2	3	0	7
0.031	1	5	4	2	4	0	7
0.031	1	10	4	2	9	0	7
0.031	1	2	4	2	10	0	7
0.031	1	8	4	2	11	0	7
0.031	1	6	4	2	12	0	7
0.031	1	4	4	2	1	0	7
0.031	1	7	4	2	2	0	7
0.032	1	9	4	3	3	0	7
0.032	1	5	4	3	4	0	7
0.032	1	10	4	3	9	0	7
0.032	1	2	4	3	10	0	7
0.032	1	8	4	3	11	0	7
0.032	1	6	4	3	12	0	7
0.032	1	4	4	3	1	0	7
0.032	1	7	4	3	2	0	7
0.033	1	9	4	4	3	2	18
0.033	1	5	4	4	4	2	18
0.033	1	10	4	4	9	0	7
0.033	1	2	4	4	10	0	7
0.033	1	8	4	4	11	0	7
0.033	1	6	4	4	12	0	7
0.033	1	7	4	4	2	0	7
0.034	1	9	4	5	3	2	18
0.034	1	5	4	5	4	2	18
0.034	1	10	4	5	9	0	7
0.034	1	2	4	5	10	0	7
0.034	1	8	4	5	11	0	7
0.034	1	6	4	5	12	0	7
0.034	1	7	4	5	2	0	7
0.035	1	9	4	6	3	2	18
0.035	1	5	4	6	4	2	18
0.035	1	10	4	6	9	0	7
0.035	1	2	4	6	10	0	7
0.035	1	8	4	6	11	0	7
0.035	1	6	4	6	12	0	7
0.035	1	7	4	6	2	0	7
0.036	1	9	4	7	3	2	18
0.036	1	5	4	7	4	2	18
0.036	1	10	4	7	9	0	7
0.036	1	2	4	7	10	0	7
0.036	1	8	4	7	11	0	7
0.036	1	6	4	7	12	0	7
0.037	1	9	4	8	3	4	26
0.037	1	5	4	8	4	2	18
0.037	1	10	4	8	9	0	7
0.037	1	2	4	8	10	0	7
0.037	1	8	4	8	11	0	7
0.037	1	6	4	8	12	0	7
0.038	1	7	4	9	2	4	26
0.038	1	9	4	9	3	2	18
0.038	1	10	4	9	9	0	7
0.038	1	2	4	9	10	0	7
0.038	1	8	4	9	11	0	7
0.038	1	6	4	9	12	0	7
0.039	1	7	4	10	2	4	26
0.039	1	9	4	10	3	0	7
0.039	1	5	4	10	4	0	7
0.039	1	10	4	10	9	0	7
0.039	1	2	4	10	10	0	7
0.04	1	4	5	1	1	4	26
0.04	1	9	5	1	3	2	18
0.042	1	9	5	3	3	2	18
0.042	1	5	5	3	4	0	7
0.043	1	7	5	4	2	4	26
0.043	1	9	5	4	3	2	18
0.044	1	7	5	5	2	4	26
0.044	1	9	5	5	3	0	7
0.044	1	5	5	5	4	0	7
0.045	1	4	5	6	1	4	26
0.045	1	9	5	6	3	2	18
0.049	1	7	5	10	2	0	7
0.05	1	4	6	1	1	4	26
0.05	1	9	6	1	3	0	7
0.052	1	9	6	3	3	2	18
0.055	1	9	6	6	3	4	26
0.057	1	9	6	8	3	2	18
0.06	1	4	7	1	1	2	18
0.065	1	4	7	6	1	2	18
0.065	1	9	7	6	3	8	49
0.067	1	9	7	8	3	10	57
0.07	1	9	8	1	3	8	49
0.072	1	9	8	3	3	10	57
0.075	1	4	8	6	1	0	7
0.075	1	9	8	6	3	2	18
0.077	1	9	8	8	3	4	26
0.08	1	4	9	1	1	0	7
0.082	1	9	9	3	3	8	49
0.085	1	9	9	6	3	4	26
0.087	1	9	9	8	3	2	18
0.09	1	9	10	1	3	4	26
0.092	1	9	10	3	3	0	7
0.095	1	9	10	6	3	2	18
0.163	1	9	17	4	3	4	26
0.164	1	4	17	5	1	0	7
0.164	1	5	17	5	4	6	32
0.165	1	4	17	6	1	2	18
0.167	1	9	17	8	3	0	7
0.168	1	9	17	9	3	4	26
0.169	1	4	17	10	1	0	7
0.169	1	5	17	10	4	6	32
0.17	1	4	18	1	1	2	18
0.172	1	9	18	3	3	0	7
0.172	1	10	18	3	9	4	26
0.173	1	9	18	4	3	4	26
0.173	1	8	18	4	11	0	7
0.174	1	2	18	5	10	0	7
0.175	1	8	18	6	11	2	18
0.175	1	6	18	6	12	4	26
0.175	1	4	18	6	1	2	18
0.176	1	3	18	7	15	2	18
0.177	1	9	18	8	3	0	7
0.177	1	10	18	8	9	4	26
0.178	1	8	18	9	11	0	7
0.179	1	2	18	10	10	0	7
0.18	1	8	19	1	11	2	18
0.18	1	6	19	1	12	4	26
0.181	1	3	19	2	15	2	18
0.182	1	10	19	3	9	6	32
0.183	1	9	19	4	3	4	26
0.184	1	2	19	5	10	0	7
0.186	1	3	19	7	15	0	7
0.188	1	9	19	9	3	4	26
0.189	1	2	19	10	10	0	7
0.19	1	6	20	1	12	2	18
0.192	1	10	20	3	9	4	26
0.193	1	9	20	4	3	2	18
0.194	1	2	20	5	10	0	7
0.195	1	6	20	6	12	2	18
0.197	1	10	20	8	9	4	26
0.198	1	9	20	9	3	2	18
0.199	1	2	20	10	10	0	7
0.202	1	10	21	3	9	8	49
0.204	1	2	21	5	10	0	7
0.208	1	9	21	9	3	2	18
0.209	1	2	21	10	10	0	7
0.212	1	10	22	3	9	6	32
0.213	1	9	22	4	3	2	18
0.214	1	2	22	5	10	0	7
0.217	1	10	22	8	9	6	32
0.219	1	2	22	10	10	0	7
0.223	1	9	23	4	3	4	26
0.224	1	2	23	5	10	0	7
0.228	1	9	23	9	3	4	26
0.229	1	2	23	10	10	0	7
0.234	1	2	24	5	10	0	7
0.239	1	2	24	10	10	0	7
0.244	1	2	25	5	10	0	7
0.249	1	2	25	10	10	0	7
0.254	1	2	26	5	10	0	7
0.259	1	2	26	10	10	0	7
0.264	1	2	27	5	10	0	7
0.269	1	2	27	10	10	0	7
0.274	1	2	28	5	10	0	7
0.279	1	2	28	10	10	0	7
0.284	1	2	29	5	10	0	7
0.289	1	2	29	10	10	0	7
0.294	1	2	30	5	10	0	7
0.299	1	2	30	10	10	0	7
0.304	1	2	31	5	10	0	7
0.309	1	2	31	10	10	0	7
0.314	1	2	32	5	10	0	7
0.319	1	2	32	10	10	0	7
0.321	1	4	33	2	1	0	7
0.323	1	7	33	4	2	2	18
0.323	1	9	33	4	3	2	18
0.324	1	7	33	5	2	4	26
0.324	1	9	33	5	3	6	32
0.324	1	5	33	5	4	0	7
0.324	1	2	33	5	10	0	7
0.325	1	4	33	6	1	0	7
0.325	1	7	33	6	2	2	18
0.325	1	9	33	6	3	6	32
0.325	1	5	33	6	4	0	7
0.326	1	4	33	7	1	0	7
0.326	1	7	33	7	2	2	18
0.327	1	9	33	8	3	4	26
0.327	1	5	33	8	4	0	7
0.328	1	7	33	9	2	2	18
0.328	1	9	33	9	3	2	18
0.329	1	7	33	10	2	4	26
0.329	1	9	33	10	3	6	32
0.329	1	5	33	10	4	0	7
0.329	1	2	33	10	10	0	7
0.33	1	4	34	1	1	0	7
0.33	1	7	34	1	2	2	18
0.33	1	9	34	1	3	6	32
0.33	1	5	34	1	4	0	7
0.331	1	8	34	2	11	0	7
0.331	1	4	34	2	1	0	7
0.331	1	7	34	2	2	2	18
0.332	1	9	34	3	3	4	26
0.332	1	5	34	3	4	0	7
0.332	1	10	34	3	9	2	18
0.332	1	8	34	3	11	0	7
0.333	1	7	34	4	2	4	26
0.333	1	8	34	4	11	2	18
0.334	1	7	34	5	2	0	7
0.335	1	8	34	6	11	4	26
0.335	1	9	34	6	3	0	7
0.336	1	8	34	7	11	0	7
0.336	1	3	34	7	15	2	18
0.336	1	7	34	7	2	0	7
0.337	1	9	34	8	3	2	18
0.337	1	10	34	8	9	2	18
0.337	1	8	34	8	11	0	7
0.338	1	7	34	9	2	0	7
0.338	1	9	34	9	3	0	7
0.338	1	8	34	9	11	2	18
0.34	1	8	35	1	11	4	26
0.34	1	7	35	1	2	6	32
0.341	1	3	35	2	15	2	18
0.342	1	9	35	3	3	2	18
0.342	1	10	35	3	9	12	73
0.343	1	9	35	4	3	0	7
0.345	1	8	35	6	11	4	26
0.345	1	7	35	6	2	6	32
0.347	1	9	35	8	3	2	18
0.347	1	10	35	8	9	6	32
0.348	1	8	35	9	11	0	7
0.35	1	8	36	1	11	0	7
0.351	1	3	36	2	15	4	26
0.352	1	9	36	3	3	0	7
0.352	1	10	36	3	9	6	32
0.353	1	8	36	4	11	0	7
0.355	1	8	36	6	11	2	18
0.355	1	7	36	6	2	0	7
0.356	1	3	36	7	15	4	26
0.357	1	10	36	8	9	10	57
0.358	1	8	36	9	11	0	7
0.36	1	8	37	1	11	2	18
0.36	1	7	37	1	2	0	7
0.361	1	3	37	2	15	6	32
0.362	1	10	37	3	9	2	18
0.363	1	8	37	4	11	0	7
0.365	1	8	37	6	11	0	7
0.367	1	10	37	8	9	4	26
0.368	1	8	37	9	11	0	7
0.372	1	10	38	3	9	2	18
0.373	1	8	38	4	11	0	7
0.378	1	8	38	9	11	0	7
0.382	1	10	39	3	9	2	18
0.383	1	8	39	4	11	0	7
0.387	1	10	39	8	9	2	18
0.388	1	8	39	9	11	0	7
0.392	1	10	40	3	9	2	18
0.393	1	8	40	4	11	0	7
0.397	1	10	40	8	9	0	7
0.398	1	8	40	9	11	0	7
0.402	1	10	41	3	9	0	7
0.403	1	8	41	4	11	0	7
0.407	1	10	41	8	9	0	7
0.408	1	8	41	9	11	0	7
0.412	1	10	42	3	9	0	7
0.413	1	8	42	4	11	0	7
0.417	1	10	42	8	9	0	7
0.418	1	8	42	9	11	0	7
0.422	1	10	43	3	9	0	7
0.423	1	8	43	4	11	0	7
0.427	1	10	43	8	9	0	7
0.428	1	8	43	9	11	0	7
0.432	1	10	44	3	9	0	7
0.433	1	8	44	4	11	0	7
0.437	1	10	44	8	9	0	7
0.438	1	8	44	9	11	0	7
0.442	1	10	45	3	9	0	7
0.443	1	8	45	4	11	0	7
0.447	1	10	45	8	9	0	7
0.448	1	8	45	9	11	0	7
0.452	1	10	46	3	9	0	7
0.453	1	8	46	4	11	0	7
0.457	1	10	46	8	9	0	7
0.458	1	8	46	9	11	0	7
0.462	1	10	47	3	9	0	7
0.463	1	8	47	4	11	0	7
0.467	1	10	47	8	9	0	7
0.468	1	8	47	9	11	0	7
0.472	1	10	48	3	9	0	7
0.473	1	8	48	4	11	0	7
0.477	1	10	48	8	9	0	7
0.478	1	8	48	9	11	0	7
0.482	1	10	49	3	9	0	7
0.483	1	4	49	4	1	0	7
0.483	1	9	49	4	3	0	7
0.483	1	8	49	4	11	0	7
0.484	1	4	49	5	1	4	26
0.484	1	7	49	5	2	0	7
0.484	1	5	49	5	4	0	7
0.485	1	4	49	6	1	0	7
0.485	1	5	49	6	4	0	7
0.487	1	9	49	8	3	6	32
0.487	1	5	49	8	4	0	7
0.487	1	10	49	8	9	0	7
0.488	1	4	49	9	1	0	7
0.488	1	9	49	9	3	0	7
0.488	1	5	49	9	4	2	18
0.488	1	8	49	9	11	0	7
0.489	1	4	49	10	1	4	26
0.489	1	7	49	10	2	0	7
0.489	1	5	49	10	4	0	7
0.49	1	4	50	1	1	0	7
0.49	1	5	50	1	4	0	7
0.491	1	8	50	2	11	2	18
0.492	1	9	50	3	3	6	32
0.492	1	5	50	3	4	0	7
0.492	1	10	50	3	9	2	18
0.492	1	6	50	3	12	4	26
0.493	1	4	50	4	1	0	7
0.493	1	9	50	4	3	0	7
0.493	1	5	50	4	4	2	18
0.494	1	2	50	5	10	0	7
0.495	1	6	50	6	12	4	26
0.495	1	4	50	6	1	0	7
0.495	1	5	50	6	4	0	7
0.496	1	8	50	7	11	2	18
0.496	1	6	50	7	12	2	18
0.496	1	3	50	7	15	0	7
0.497	1	6	50	8	12	4	26
0.498	1	5	50	9	4	2	18
0.499	1	3	50	10	15	0	7
0.499	1	2	50	10	10	0	7
0.5	1	6	51	1	12	4	26
0.5	1	4	51	1	1	0	7
0.5	1	5	51	1	4	0	7
0.501	1	6	51	2	12	2	18
0.501	1	3	51	2	15	0	7
0.504	1	3	51	5	15	0	7
0.504	1	2	51	5	10	0	7
0.508	1	5	51	9	4	4	26
0.509	1	3	51	10	15	0	7
0.509	1	2	51	10	10	0	7
0.513	1	5	52	4	4	4	26
0.514	1	3	52	5	15	0	7
0.514	1	2	52	5	10	0	7
0.519	1	3	52	10	15	0	7
0.519	1	2	52	10	10	0	7
0.524	1	3	53	5	15	0	7
0.524	1	2	53	5	10	0	7
0.529	1	3	53	10	15	0	7
0.529	1	2	53	10	10	0	7
0.534	1	3	54	5	15	0	7
0.534	1	2	54	5	10	0	7
0.539	1	3	54	10	15	0	7
0.539	1	2	54	10	10	0	7
0.544	1	3	55	5	15	0	7
0.544	1	2	55	5	10	0	7
0.549	1	3	55	10	15	0	7
0.549	1	2	55	10	10	0	7
0.554	1	3	56	5	15	0	7
0.554	1	2	56	5	10	0	7
0.559	1	3	56	10	15	0	7
0.559	1	2	56	10	10	0	7
0.564	1	3	57	5	15	0	7
0.564	1	2	57	5	10	0	7
0.569	1	3	57	10	15	0	7
0.569	1	2	57	10	10	0	7
0.574	1	3	58	5	15	0	7
0.574	1	2	58	5	10	0	7
0.579	1	3	58	10	15	0	7
0.579	1	2	58	10	10	0	7
0.584	1	3	59	5	15	0	7
0.584	1	2	59	5	10	0	7
0.589	1	3	59	10	15	0	7
0.589	1	2	59	10	10	0	7
0.594	1	3	60	5	15	0	7
0.594	1	2	60	5	10	0	7
0.599	1	3	60	10	15	0	7
0.599	1	2	60	10	10	0	7
0.604	1	3	61	5	15	0	7
0.604	1	2	61	5	10	0	7
0.609	1	3	61	10	15	0	7
0.609	1	2	61	10	10	0	7
0.614	1	3	62	5	15	0	7
0.614	1	2	62	5	10	0	7
0.619	1	3	62	10	15	0	7
0.619	1	2	62	10	10	0	7
0.624	1	3	63	5	15	0	7
0.624	1	2	63	5	10	0	7
0.629	1	3	63	10	15	0	7
0.629	1	2	63	10	10	0	7
0.634	1	3	64	5	15	0	7
0.634	1	2	64	5	10	0	7
0.639	1	3	64	10	15	0	7
0.639	1	2	64	10	10	0	7
0.643	1	7	65	4	2	0	7
0.644	1	3	65	5	15	0	7
0.644	1	9	65	5	3	8	49
0.644	1	2	65	5	10	0	7
0.645	1	7	65	6	2	4	26
0.647	1	9	65	8	3	4	26
0.648	1	7	65	9	2	0	7
0.648	1	5	65	9	4	4	26
0.649	1	3	65	10	15	0	7
0.649	1	9	65	10	3	8	49
0.649	1	10	65	10	9	2	18
0.649	1	2	65	10	10	0	7
0.65	1	7	66	1	2	4	26
0.651	1	10	66	2	9	0	7
0.651	1	8	66	2	11	0	7
0.652	1	9	66	3	3	4	26
0.652	1	6	66	3	12	4	26
0.653	1	7	66	4	2	0	7
0.653	1	5	66	4	4	4	26
0.653	1	10	66	4	9	6	32
0.653	1	2	66	4	10	4	26
0.653	1	8	66	4	11	2	18
0.654	1	10	66	5	9	2	18
0.655	1	7	66	6	2	2	18
0.656	1	10	66	7	9	0	7
0.656	1	8	66	7	11	0	7
0.657	1	9	66	8	3	4	26
0.657	1	6	66	8	12	4	26
0.657	1	3	66	8	15	4	26
0.658	1	10	66	9	9	6	32
0.658	1	2	66	9	10	4	26
0.658	1	8	66	9	11	2	18
0.659	1	9	66	10	3	4	26
0.659	1	10	66	10	9	0	7
0.66	1	7	67	1	2	0	7
0.661	1	10	67	2	9	0	7
0.661	1	8	67	2	11	0	7
0.662	1	3	67	3	15	4	26
0.663	1	10	67	4	9	0	7
0.663	1	2	67	4	10	0	7
0.664	1	9	67	5	3	4	26
0.666	1	10	67	7	9	0	7
0.666	1	8	67	7	11	0	7
0.667	1	3	67	8	15	0	7
0.671	1	10	68	2	9	0	7
0.671	1	8	68	2	11	0	7
0.672	1	3	68	3	15	0	7
0.676	1	10	68	7	9	0	7
0.676	1	8	68	7	11	0	7
0.677	1	3	68	8	15	0	7
0.681	1	10	69	2	9	0	7
0.681	1	8	69	2	11	0	7
0.682	1	3	69	3	15	0	7
0.686	1	10	69	7	9	0	7
0.686	1	8	69	7	11	0	7
0.687	1	3	69	8	15	0	7
0.691	1	10	70	2	9	0	7
0.691	1	8	70	2	11	0	7
0.692	1	3	70	3	15	0	7
0.696	1	10	70	7	9	0	7
0.696	1	8	70	7	11	0	7
0.697	1	3	70	8	15	0	7
0.701	1	10	71	2	9	0	7
0.701	1	8	71	2	11	0	7
0.702	1	3	71	3	15	0	7
0.706	1	10	71	7	9	0	7
0.706	1	8	71	7	11	0	7
0.707	1	3	71	8	15	0	7
0.711	1	10	72	2	9	0	7
0.711	1	8	72	2	11	0	7
0.712	1	3	72	3	15	0	7
0.716	1	10	72	7	9	0	7
0.716	1	8	72	7	11	0	7
0.717	1	3	72	8	15	0	7
0.721	1	10	73	2	9	0	7
0.721	1	8	73	2	11	0	7
0.722	1	3	73	3	15	0	7
0.726	1	10	73	7	9	0	7
0.726	1	8	73	7	11	0	7
0.727	1	3	73	8	15	0	7
0.731	1	10	74	2	9	0	7
0.731	1	8	74	2	11	0	7
0.732	1	3	74	3	15	0	7
0.736	1	10	74	7	9	0	7
0.736	1	8	74	7	11	0	7
0.737	1	3	74	8	15	0	7
0.741	1	10	75	2	9	0	7
0.741	1	8	75	2	11	0	7
0.742	1	3	75	3	15	0	7
0.746	1	10	75	7	9	0	7
0.746	1	8	75	7	11	0	7
0.747	1	3	75	8	15	0	7
0.751	1	10	76	2	9	0	7
0.751	1	8	76	2	11	0	7
0.752	1	3	76	3	15	0	7
0.756	1	10	76	7	9	0	7
0.756	1	8	76	7	11	0	7
0.757	1	3	76	8	15	0	7
0.761	1	10	77	2	9	0	7
0.761	1	8	77	2	11	0	7
0.762	1	3	77	3	15	0	7
0.766	1	10	77	7	9	0	7
0.766	1	8	77	7	11	0	7
0.767	1	3	77	8	15	0	7
0.771	1	10	78	2	9	0	7
0.771	1	8	78	2	11	0	7
0.772	1	3	78	3	15	0	7
0.776	1	10	78	7	9	0	7
0.776	1	8	78	7	11	0	7
0.777	1	3	78	8	15	0	7
0.781	1	10	79	2	9	0	7
0.781	1	8	79	2	11	0	7
0.782	1	3	79	3	15	0	7
0.786	1	10	79	7	9	0	7
0.786	1	8	79	7	11	0	7
0.787	1	3	79	8	15	0	7
0.791	1	10	80	2	9	0	7
0.791	1	8	80	2	11	0	7
0.792	1	3	80	3	15	0	7
0.796	1	10	80	7	9	0	7
0.796	1	8	80	7	11	0	7
0.797	1	3	80	8	15	0	7
0.801	1	10	81	2	9	0	7
0.801	1	8	81	2	11	0	7
0.802	1	3	81	3	15	0	7
0.804	1	7	81	5	2	2	18
0.805	1	4	81	6	1	2	18
0.805	1	7	81	6	2	4	26
0.805	1	5	81	6	4	0	7
0.806	1	10	81	7	9	0	7
0.806	1	8	81	7	11	0	7
0.806	1	7	81	7	2	2	18
0.807	1	9	81	8	3	2	18
0.807	1	5	81	8	4	0	7
0.807	1	3	81	8	15	0	7
0.808	1	5	81	9	4	2	18
0.809	1	7	81	10	2	2	18
0.809	1	10	81	10	9	4	26
0.81	1	4	82	1	1	2	18
0.81	1	7	82	1	2	4	26
0.81	1	5	82	1	4	0	7
0.811	1	10	82	2	9	0	7
0.811	1	8	82	2	11	4	26
0.811	1	7	82	2	2	2	18
0.812	1	9	82	3	3	2	18
0.812	1	5	82	3	4	0	7
0.812	1	3	82	3	15	0	7
0.813	1	5	82	4	4	2	18
0.813	1	10	82	4	9	10	57
0.813	1	8	82	4	11	2	18
0.813	1	6	82	4	12	4	26
0.814	1	7	82	5	2	2	18
0.814	1	10	82	5	9	4	26
0.815	1	8	82	6	11	4	26
0.815	1	6	82	6	12	0	7
0.815	1	3	82	6	15	2	18
0.815	1	4	82	6	1	2	18
0.815	1	7	82	6	2	6	32
0.816	1	6	82	7	12	6	32
0.816	1	3	82	7	15	2	18
0.816	1	1	82	7	16	2	18
0.816	1	7	82	7	2	4	26
0.818	1	5	82	9	4	2	18
0.818	1	10	82	9	9	10	57
0.818	1	8	82	9	11	2	18
0.818	1	6	82	9	12	4	26
0.819	1	10	82	10	9	2	18
0.82	1	8	83	1	11	4	26
0.82	1	6	83	1	12	0	7
0.82	1	3	83	1	15	2	18
0.82	1	7	83	1	2	4	26
0.821	1	8	83	2	11	0	7
0.821	1	6	83	2	12	6	32
0.821	1	3	83	2	15	2	18
0.821	1	1	83	2	16	2	18
0.821	1	7	83	2	2	6	32
0.823	1	10	83	4	9	6	32
0.823	1	8	83	4	11	6	32
0.823	1	6	83	4	12	2	18
0.824	1	10	83	5	9	0	7
0.825	1	8	83	6	11	0	7
0.826	1	8	83	7	11	0	7
0.826	1	3	83	7	15	0	7
0.826	1	7	83	7	2	0	7
0.828	1	8	83	9	11	6	32
0.829	1	10	83	10	9	4	26
0.83	1	8	84	1	11	2	18
0.83	1	7	84	1	2	4	26
0.831	1	6	84	2	12	0	7
0.831	1	3	84	2	15	2	18
0.833	1	10	84	4	9	2	18
0.834	1	10	84	5	9	4	26
0.835	1	8	84	6	11	2	18
0.835	1	7	84	6	2	4	26
0.836	1	6	84	7	12	0	7
0.836	1	3	84	7	15	2	18
0.838	1	10	84	9	9	2	18
0.839	1	10	84	10	9	2	18
0.84	1	7	85	1	2	6	32
0.841	1	3	85	2	15	4	26
0.843	1	10	85	4	9	6	32
0.844	1	10	85	5	9	6	32
0.846	1	3	85	7	15	0	7
0.848	1	10	85	9	9	2	18
0.849	1	10	85	10	9	0	7
0.85	1	7	86	1	2	0	7
0.855	1	7	86	6	2	0	7
0.858	1	10	86	9	9	0	7
0.86	1	7	87	1	2	0	7
0.863	1	10	87	4	9	0	7
0.865	1	7	87	6	2	0	7
0.868	1	10	87	9	9	0	7
0.87	1	7	88	1	2	0	7
0.873	1	10	88	4	9	0	7
0.875	1	7	88	6	2	0	7
0.878	1	10	88	9	9	0	7
0.88	1	7	89	1	2	0	7
0.883	1	10	89	4	9	0	7
0.885	1	7	89	6	2	0	7
0.888	1	10	89	9	9	0	7
0.89	1	7	90	1	2	0	7
0.893	1	10	90	4	9	0	7
0.895	1	7	90	6	2	0	7
0.898	1	10	90	9	9	0	7
0.9	1	7	91	1	2	0	7
0.903	1	10	91	4	9	0	7
0.905	1	7	91	6	2	0	7
0.908	1	10	91	9	9	0	7
0.91	1	7	92	1	2	0	7
0.913	1	10	92	4	9	0	7
0.915	1	7	92	6	2	0	7
0.918	1	10	92	9	9	0	7
0.92	1	7	93	1	2	0	7
0.923	1	10	93	4	9	0	7
0.925	1	7	93	6	2	0	7
0.928	1	10	93	9	9	0	7
0.93	1	7	94	1	2	0	7
0.933	1	10	94	4	9	0	7
0.935	1	7	94	6	2	0	7
0.938	1	10	94	9	9	0	7
0.94	1	7	95	1	2	0	7
0.943	1	10	95	4	9	0	7
0.945	1	7	95	6	2	0	7
0.948	1	10	95	9	9	0	7
0.95	1	7	96	1	2	0	7
0.953	1	10	96	4	9	0	7
0.955	1	7	96	6	2	0	7
0.958	1	10	96	9	9	0	7
0.96	1	7	97	1	2	0	7
0.961	1	4	97	2	1	6	32
0.963	1	7	97	4	2	2	18
0.963	1	9	97	4	3	2	18
0.963	1	10	97	4	9	0	7
0.964	1	4	97	5	1	2	18
0.964	1	9	97	5	3	4	26
0.964	1	5	97	5	4	0	7
0.966	1	4	97	7	1	6	32
0.966	1	7	97	7	2	0	7
0.967	1	9	97	8	3	6	32
0.968	1	7	97	9	2	2	18
0.968	1	9	97	9	3	2	18
0.968	1	10	97	9	9	0	7
0.969	1	4	97	10	1	2	18
0.969	1	9	97	10	3	4	26
0.969	1	5	97	10	4	0	7
0.971	1	10	98	2	9	2	18
0.971	1	7	98	2	2	0	7
0.972	1	9	98	3	3	6	32
0.972	1	8	98	3	11	0	7
0.973	1	7	98	4	2	4	26
0.973	1	9	98	4	3	2	18
0.973	1	8	98	4	11	4	26
0.973	1	6	98	4	12	0	7
0.974	1	9	98	5	3	0	7
0.975	1	8	98	6	11	0	7
0.975	1	6	98	6	12	0	7
0.976	1	10	98	7	9	2	18
0.977	1	8	98	8	11	0	7
0.978	1	7	98	9	2	4	26
0.978	1	9	98	9	3	2	18
0.978	1	8	98	9	11	4	26
0.978	1	6	98	9	12	0	7
0.98	1	8	99	1	11	0	7
0.98	1	6	99	1	12	0	7
0.981	1	10	99	2	9	4	26
0.982	1	9	99	3	3	4	26
0.983	1	9	99	4	3	4	26
0.985	1	8	99	6	11	0	7
0.985	1	6	99	6	12	0	7
0.986	1	10	99	7	9	2	18
0.987	1	9	99	8	3	4	26
0.99	1	8	100	1	11	0	7
0.99	1	6	100	1	12	0	7
0.991	1	10	100	2	9	4	26
0.992	1	9	100	3	3	0	7
0.993	1	9	100	4	3	0	7
0.995	1	8	100	6	11	0	7
0.995	1	6	100	6	12	0	7
0.996	1	10	100	7	9	2	18
0.998	1	9	100	9	3	0	7
1	1	8	101	1	11	0	7
1	1	6	101	1	12	0	7
1.001	1	10	101	2	9	0	7
1.003	1	9	101	4	3	0	7
1.005	1	8	101	6	11	0	7
1.005	1	6	101	6	12	0	7
1.006	1	10	101	7	9	0	7
1.008	1	9	101	9	3	0	7
1.01	1	8	102	1	11	0	7
1.01	1	6	102	1	12	0	7
1.011	1	10	102	2	9	0	7
1.013	1	9	102	4	3	0	7
1.015	1	8	102	6	11	0	7
1.015	1	6	102	6	12	0	7
1.016	1	10	102	7	9	0	7
1.018	1	9	102	9	3	0	7
1.02	1	8	103	1	11	0	7
1.02	1	6	103	1	12	0	7
1.021	1	10	103	2	9	0	7
1.023	1	9	103	4	3	0	7
1.025	1	8	103	6	11	0	7
1.025	1	6	103	6	12	0	7
1.026	1	10	103	7	9	0	7
1.028	1	9	103	9	3	0	7
1.03	1	8	104	1	11	0	7
1.03	1	6	104	1	12	0	7
1.031	1	10	104	2	9	0	7
1.033	1	9	104	4	3	0	7
1.035	1	8	104	6	11	0	7
1.035	1	6	104	6	12	0	7
1.036	1	10	104	7	9	0	7
1.038	1	9	104	9	3	0	7
1.04	1	8	105	1	11	0	7
1.04	1	6	105	1	12	0	7
1.041	1	10	105	2	9	0	7
1.043	1	9	105	4	3	0	7
1.045	1	8	105	6	11	0	7
1.045	1	6	105	6	12	0	7
1.046	1	10	105	7	9	0	7
1.048	1	9	105	9	3	0	7
1.05	1	8	106	1	11	0	7
1.05	1	6	106	1	12	0	7
1.051	1	10	106	2	9	0	7
1.053	1	9	106	4	3	0	7
1.055	1	8	106	6	11	0	7
1.055	1	6	106	6	12	0	7
1.056	1	10	106	7	9	0	7
1.058	1	9	106	9	3	0	7
1.06	1	8	107	1	11	0	7
1.06	1	6	107	1	12	0	7
1.061	1	10	107	2	9	0	7
1.063	1	9	107	4	3	0	7
1.065	1	8	107	6	11	0	7
1.065	1	6	107	6	12	0	7
1.066	1	10	107	7	9	0	7
1.068	1	9	107	9	3	0	7
1.07	1	8	108	1	11	0	7
1.07	1	6	108	1	12	0	7
1.071	1	10	108	2	9	0	7
1.073	1	9	108	4	3	0	7
1.075	1	8	108	6	11	0	7
1.075	1	6	108	6	12	0	7
1.076	1	10	108	7	9	0	7
1.078	1	9	108	9	3	0	7
1.08	1	8	109	1	11	0	7
1.08	1	6	109	1	12	0	7
1.081	1	10	109	2	9	0	7
1.083	1	9	109	4	3	0	7
1.085	1	8	109	6	11	0	7
1.085	1	6	109	6	12	0	7
1.086	1	10	109	7	9	0	7
1.088	1	9	109	9	3	0	7
1.09	1	8	110	1	11	0	7
1.09	1	6	110	1	12	0	7
1.091	1	10	110	2	9	0	7
1.093	1	9	110	4	3	0	7
1.095	1	8	110	6	11	0	7
1.095	1	6	110	6	12	0	7
1.096	1	10	110	7	9	0	7
1.098	1	9	110	9	3	0	7
1.1	1	8	111	1	11	0	7
1.1	1	6	111	1	12	0	7
1.101	1	10	111	2	9	0	7
1.103	1	9	111	4	3	0	7
1.105	1	8	111	6	11	0	7
1.105	1	6	111	6	12	0	7
1.106	1	10	111	7	9	0	7
1.108	1	9	111	9	3	0	7
1.11	1	8	112	1	11	0	7
1.11	1	6	112	1	12	0	7
1.111	1	10	112	2	9	0	7
1.113	1	9	112	4	3	0	7
1.115	1	8	112	6	11	0	7
1.115	1	6	112	6	12	0	7
1.116	1	10	112	7	9	0	7
1.118	1	9	112	9	3	0	7
1.12	1	8	113	1	11	0	7
1.12	1	6	113	1	12	0	7
1.121	1	10	113	2	9	0	7
1.123	1	7	113	4	2	0	7
1.123	1	9	113	4	3	2	18
1.124	1	9	113	5	3	4	26
1.125	1	8	113	6	11	0	7
1.125	1	6	113	6	12	0	7
1.125	1	4	113	6	1	0	7
1.125	1	7	113	6	2	2	18
1.126	1	10	113	7	9	0	7
1.127	1	9	113	8	3	6	32
1.128	1	7	113	9	2	0	7
1.128	1	9	113	9	3	2	18
1.129	1	9	113	10	3	4	26
1.13	1	8	114	1	11	0	7
1.13	1	6	114	1	12	0	7
1.13	1	4	114	1	1	0	7
1.13	1	7	114	1	2	2	18
1.131	1	10	114	2	9	0	7
1.132	1	9	114	3	3	6	32
1.132	1	10	114	3	9	4	26
1.132	1	8	114	3	11	0	7
1.132	1	6	114	3	12	0	7
1.133	1	8	114	4	11	2	18
1.133	1	6	114	4	12	0	7
1.135	1	7	114	6	2	2	18
1.136	1	10	114	7	9	0	7
1.136	1	6	114	7	12	0	7
1.137	1	9	114	8	3	4	26
1.137	1	10	114	8	9	4	26
1.137	1	8	114	8	11	0	7
1.137	1	6	114	8	12	0	7
1.138	1	9	114	9	3	4	26
1.138	1	8	114	9	11	2	18
1.138	1	6	114	9	12	0	7
1.14	1	7	115	1	2	4	26
1.141	1	10	115	2	9	0	7
1.141	1	6	115	2	12	0	7
1.142	1	10	115	3	9	2	18
1.143	1	9	115	4	3	4	26
1.143	1	8	115	4	11	4	26
1.145	1	7	115	6	2	2	18
1.146	1	10	115	7	9	0	7
1.146	1	6	115	7	12	0	7
1.147	1	9	115	8	3	2	18
1.147	1	10	115	8	9	0	7
1.148	1	9	115	9	3	2	18
1.15	1	7	116	1	2	0	7
1.151	1	10	116	2	9	0	7
1.151	1	6	116	2	12	0	7
1.152	1	9	116	3	3	2	18
1.152	1	10	116	3	9	0	7
1.153	1	9	116	4	3	0	7
1.153	1	8	116	4	11	0	7
1.156	1	10	116	7	9	0	7
1.156	1	6	116	7	12	0	7
1.158	1	9	116	9	3	0	7
1.158	1	8	116	9	11	0	7
1.161	1	10	117	2	9	0	7
1.161	1	6	117	2	12	0	7
1.162	1	9	117	3	3	2	18
1.163	1	9	117	4	3	0	7
1.163	1	8	117	4	11	0	7
1.166	1	10	117	7	9	0	7
1.166	1	6	117	7	12	0	7
1.167	1	9	117	8	3	2	18
1.168	1	9	117	9	3	0	7
1.168	1	8	117	9	11	0	7
1.171	1	10	118	2	9	0	7
1.171	1	6	118	2	12	0	7
1.172	1	9	118	3	3	0	7
1.173	1	9	118	4	3	0	7
1.173	1	8	118	4	11	0	7
1.176	1	10	118	7	9	0	7
1.176	1	6	118	7	12	0	7
1.178	1	9	118	9	3	0	7
1.178	1	8	118	9	11	0	7
1.181	1	10	119	2	9	0	7
1.181	1	6	119	2	12	0	7
1.183	1	9	119	4	3	0	7
1.183	1	8	119	4	11	0	7
1.186	1	10	119	7	9	0	7
1.186	1	6	119	7	12	0	7
1.188	1	9	119	9	3	0	7
1.188	1	8	119	9	11	0	7
1.191	1	10	120	2	9	0	7
1.191	1	6	120	2	12	0	7
1.193	1	9	120	4	3	0	7
1.193	1	8	120	4	11	0	7
1.196	1	10	120	7	9	0	7
1.196	1	6	120	7	12	0	7
1.198	1	9	120	9	3	0	7
1.198	1	8	120	9	11	0	7
1.201	1	10	121	2	9	0	7
1.201	1	6	121	2	12	0	7
1.203	1	9	121	4	3	0	7
1.203	1	8	121	4	11	0	7
1.206	1	10	121	7	9	0	7
1.206	1	6	121	7	12	0	7
1.208	1	9	121	9	3	0	7
1.208	1	8	121	9	11	0	7
1.211	1	10	122	2	9	0	7
1.211	1	6	122	2	12	0	7
1.213	1	9	122	4	3	0	7
1.213	1	8	122	4	11	0	7
1.216	1	10	122	7	9	0	7
1.216	1	6	122	7	12	0	7
1.218	1	9	122	9	3	0	7
1.218	1	8	122	9	11	0	7
1.221	1	10	123	2	9	0	7
1.221	1	6	123	2	12	0	7
1.223	1	9	123	4	3	0	7
1.223	1	8	123	4	11	0	7
1.226	1	10	123	7	9	0	7
1.226	1	6	123	7	12	0	7
1.228	1	9	123	9	3	0	7
1.228	1	8	123	9	11	0	7
1.231	1	10	124	2	9	0	7
1.231	1	6	124	2	12	0	7
1.233	1	9	124	4	3	0	7
1.233	1	8	124	4	11	0	7
1.236	1	10	124	7	9	0	7
1.236	1	6	124	7	12	0	7
1.238	1	9	124	9	3	0	7
1.238	1	8	124	9	11	0	7
1.241	1	10	125	2	9	0	7
1.241	1	6	125	2	12	0	7
1.243	1	9	125	4	3	0	7
1.243	1	8	125	4	11	0	7
1.246	1	10	125	7	9	0	7
1.246	1	6	125	7	12	0	7
1.248	1	9	125	9	3	0	7
1.248	1	8	125	9	11	0	7
1.251	1	10	126	2	9	0	7
1.251	1	6	126	2	12	0	7
1.253	1	9	126	4	3	0	7
1.253	1	8	126	4	11	0	7
1.256	1	10	126	7	9	0	7
1.256	1	6	126	7	12	0	7
1.258	1	9	126	9	3	0	7
1.258	1	8	126	9	11	0	7
1.261	1	10	127	2	9	0	7
1.261	1	6	127	2	12	0	7
1.263	1	9	127	4	3	0	7
1.263	1	8	127	4	11	0	7
1.266	1	10	127	7	9	0	7
1.266	1	6	127	7	12	0	7
1.268	1	9	127	9	3	0	7
1.268	1	8	127	9	11	0	7
1.271	1	10	128	2	9	0	7
1.271	1	6	128	2	12	0	7
1.273	1	9	128	4	3	0	7
1.273	1	8	128	4	11	0	7
1.276	1	10	128	7	9	0	7
1.276	1	6	128	7	12	0	7
1.278	1	9	128	9	3	0	7
1.278	1	8	128	9	11	0	7
1.281	1	10	129	2	9	0	7
1.281	1	6	129	2	12	0	7
1.283	1	7	129	4	2	4	26
1.283	1	9	129	4	3	4	26
1.283	1	8	129	4	11	0	7
1.284	1	7	129	5	2	2	18
1.284	1	9	129	5	3	4	26
1.284	1	5	129	5	4	0	7
1.285	1	7	129	6	2	0	7
1.286	1	10	129	7	9	0	7
1.286	1	6	129	7	12	0	7
1.286	1	7	129	7	2	0	7
1.287	1	9	129	8	3	2	18
1.288	1	7	129	9	2	4	26
1.288	1	9	129	9	3	4	26
1.288	1	8	129	9	11	0	7
1.289	1	7	129	10	2	2	18
1.289	1	9	129	10	3	4	26
1.289	1	5	129	10	4	0	7
1.289	1	10	129	10	9	0	7
1.29	1	7	130	1	2	0	7
1.291	1	10	130	2	9	2	18
1.291	1	6	130	2	12	0	7
1.291	1	7	130	2	2	0	7
1.292	1	9	130	3	3	2	18
1.293	1	10	130	4	9	4	26
1.293	1	8	130	4	11	2	18
1.294	1	9	130	5	3	0	7
1.294	1	10	130	5	9	0	7
1.295	1	8	130	6	11	2	18
1.295	1	7	130	6	2	0	7
1.296	1	10	130	7	9	2	18
1.296	1	6	130	7	12	2	18
1.296	1	7	130	7	2	0	7
1.298	1	7	130	9	2	0	7
1.298	1	9	130	9	3	0	7
1.298	1	10	130	9	9	4	26
1.3	1	8	131	1	11	2	18
1.3	1	7	131	1	2	0	7
1.302	1	9	131	3	3	8	49
1.303	1	7	131	4	2	0	7
1.303	1	9	131	4	3	0	7
1.303	1	10	131	4	9	2	18
1.305	1	8	131	6	11	6	32
1.306	1	10	131	7	9	2	18
1.307	1	9	131	8	3	8	49
1.308	1	10	131	9	9	8	49
1.31	1	8	132	1	11	4	26
1.311	1	10	132	2	9	2	18
1.312	1	9	132	3	3	8	49
1.313	1	10	132	4	9	8	49
1.315	1	8	132	6	11	4	26
1.316	1	10	132	7	9	6	32
1.318	1	10	132	9	9	2	18
1.32	1	8	133	1	11	4	26
1.321	1	10	133	2	9	2	18
1.323	1	10	133	4	9	4	26
1.326	1	10	133	7	9	4	26
1.33	1	8	134	1	11	2	18
1.333	1	10	134	4	9	2	18
1.335	1	8	134	6	11	2	18
1.336	1	10	134	7	9	2	18
1.338	1	10	134	9	9	2	18
1.341	1	10	135	2	9	2	18
1.345	1	8	135	6	11	0	7
1.346	1	10	135	7	9	4	26
1.35	1	8	136	1	11	0	7
1.351	1	10	136	2	9	6	32
1.355	1	8	136	6	11	0	7
1.356	1	10	136	7	9	6	32
1.36	1	8	137	1	11	0	7
1.365	1	8	137	6	11	0	7
1.366	1	10	137	7	9	0	7
1.37	1	8	138	1	11	0	7
1.371	1	10	138	2	9	0	7
1.375	1	8	138	6	11	0	7
1.376	1	10	138	7	9	0	7
1.38	1	8	139	1	11	0	7
1.381	1	10	139	2	9	0	7
1.385	1	8	139	6	11	0	7
1.386	1	10	139	7	9	0	7
1.39	1	8	140	1	11	0	7
1.391	1	10	140	2	9	0	7
1.395	1	8	140	6	11	0	7
1.396	1	10	140	7	9	0	7
1.4	1	8	141	1	11	0	7
1.401	1	10	141	2	9	0	7
1.405	1	8	141	6	11	0	7
1.406	1	10	141	7	9	0	7
1.41	1	8	142	1	11	0	7
1.411	1	10	142	2	9	0	7
1.415	1	8	142	6	11	0	7
1.416	1	10	142	7	9	0	7
1.42	1	8	143	1	11	0	7
1.421	1	10	143	2	9	0	7
1.425	1	8	143	6	11	0	7
1.426	1	10	143	7	9	0	7
1.43	1	8	144	1	11	0	7
1.431	1	10	144	2	9	0	7
1.435	1	8	144	6	11	0	7
1.436	1	10	144	7	9	0	7
1.44	1	8	145	1	11	0	7
1.441	1	10	145	2	9	0	7
1.441	1	4	145	2	1	0	7
1.443	1	7	145	4	2	0	7
1.444	1	4	145	5	1	2	18
1.444	1	7	145	5	2	0	7
1.444	1	5	145	5	4	2	18
1.445	1	8	145	6	11	0	7
1.445	1	7	145	6	2	4	26
1.445	1	9	145	6	3	2	18
1.446	1	10	145	7	9	0	7
1.446	1	4	145	7	1	0	7
1.447	1	9	145	8	3	0	7
1.448	1	7	145	9	2	0	7
1.449	1	4	145	10	1	2	18
1.449	1	7	145	10	2	0	7
1.449	1	5	145	10	4	2	18
1.45	1	8	146	1	11	0	7
1.45	1	7	146	1	2	4	26
1.45	1	9	146	1	3	2	18
1.451	1	8	146	2	11	2	18
1.451	1	4	146	2	1	0	7
1.452	1	9	146	3	3	0	7
1.452	1	8	146	3	11	2	18
1.452	1	6	146	3	12	2	18
1.453	1	7	146	4	2	0	7
1.453	1	10	146	4	9	2	18
1.453	1	8	146	4	11	4	26
1.454	1	5	146	5	4	6	32
1.454	1	2	146	5	10	2	18
1.455	1	3	146	6	15	2	18
1.456	1	8	146	7	11	2	18
1.456	1	4	146	7	1	0	7
1.457	1	9	146	8	3	0	7
1.457	1	8	146	8	11	2	18
1.457	1	6	146	8	12	2	18
1.457	1	1	146	8	16	0	7
1.458	1	7	146	9	2	0	7
1.458	1	10	146	9	9	2	18
1.458	1	8	146	9	11	4	26
1.459	1	3	146	10	15	0	7
1.459	1	4	146	10	1	4	26
1.459	1	5	146	10	4	4	26
1.459	1	2	146	10	10	2	18
1.46	1	3	147	1	15	2	18
1.46	1	7	147	1	2	0	7
1.462	1	6	147	3	12	4	26
1.462	1	1	147	3	16	0	7
1.463	1	10	147	4	9	4	26
1.463	1	8	147	4	11	6	32
1.464	1	3	147	5	15	0	7
1.464	1	4	147	5	1	4	26
1.464	1	5	147	5	4	6	32
1.465	1	3	147	6	15	2	18
1.465	1	7	147	6	2	0	7
1.466	1	8	147	7	11	2	18
1.467	1	6	147	8	12	4	26
1.468	1	10	147	9	9	0	7
1.468	1	8	147	9	11	6	32
1.469	1	5	147	10	4	4	26
1.471	1	8	148	2	11	2	18
1.473	1	10	148	4	9	4	26
1.474	1	4	148	5	1	2	18
1.476	1	8	148	7	11	4	26
1.479	1	4	148	10	1	2	18
1.479	1	5	148	10	4	0	7
1.483	1	10	149	4	9	4	26
1.484	1	5	149	5	4	0	7
1.486	1	8	149	7	11	6	32
1.488	1	10	149	9	9	4	26
1.491	1	8	150	2	11	6	32
1.493	1	10	150	4	9	2	18
1.496	1	8	150	7	11	4	26
1.501	1	8	151	2	11	6	32
1.506	1	8	151	7	11	6	32
1.603	1	9	161	4	3	4	26
1.604	1	5	161	5	4	0	7
1.605	1	4	161	6	1	4	26
1.605	1	7	161	6	2	2	18
1.607	1	5	161	8	4	4	26
1.608	1	9	161	9	3	4	26
1.608	1	5	161	9	4	0	7
1.609	1	5	161	10	4	0	7
1.609	1	10	161	10	9	4	26
1.61	1	4	162	1	1	4	26
1.61	1	7	162	1	2	2	18
1.611	1	8	162	2	11	4	26
1.612	1	5	162	3	4	4	26
1.612	1	10	162	3	9	2	18
1.613	1	9	162	4	3	6	32
1.613	1	5	162	4	4	0	7
1.613	1	6	162	4	12	4	26
1.614	1	5	162	5	4	0	7
1.614	1	10	162	5	9	4	26
1.615	1	8	162	6	11	4	26
1.616	1	8	162	7	11	4	26
1.616	1	6	162	7	12	4	26
1.617	1	10	162	8	9	2	18
1.618	1	6	162	9	12	4	26
1.619	1	1	162	10	16	0	7
1.619	1	10	162	10	9	2	18
1.62	1	8	163	1	11	4	26
1.62	1	7	163	1	2	6	32
1.621	1	8	163	2	11	2	18
1.621	1	6	163	2	12	4	26
1.622	1	5	163	3	4	4	26
1.622	1	10	163	3	9	0	7
1.624	1	1	163	5	16	0	7
1.624	1	10	163	5	9	0	7
1.625	1	7	163	6	2	6	32
1.627	1	5	163	8	4	4	26
1.628	1	6	163	9	12	0	7
1.629	1	10	163	10	9	0	7
1.63	1	7	164	1	2	4	26
1.633	1	6	164	4	12	0	7
1.634	1	10	164	5	9	0	7
1.635	1	7	164	6	2	4	26
1.638	1	6	164	9	12	0	7
1.639	1	10	164	10	9	0	7
1.64	1	7	165	1	2	2	18
1.643	1	6	165	4	12	0	7
1.644	1	10	165	5	9	0	7
1.648	1	6	165	9	12	0	7
1.649	1	10	165	10	9	0	7
1.653	1	6	166	4	12	0	7
1.654	1	10	166	5	9	0	7
1.658	1	6	166	9	12	0	7
1.659	1	10	166	10	9	0	7
1.663	1	6	167	4	12	0	7
1.664	1	10	167	5	9	0	7
1.668	1	6	167	9	12	0	7
1.669	1	10	167	10	9	0	7
1.673	1	6	168	4	12	0	7
1.674	1	10	168	5	9	0	7
1.678	1	6	168	9	12	0	7
1.679	1	10	168	10	9	0	7
1.683	1	6	169	4	12	0	7
1.684	1	10	169	5	9	0	7
1.688	1	6	169	9	12	0	7
1.689	1	10	169	10	9	0	7
1.693	1	6	170	4	12	0	7
1.694	1	10	170	5	9	0	7
1.698	1	6	170	9	12	0	7
1.699	1	10	170	10	9	0	7
1.703	1	6	171	4	12	0	7
1.704	1	10	171	5	9	0	7
1.708	1	6	171	9	12	0	7
1.709	1	10	171	10	9	0	7
1.713	1	6	172	4	12	0	7
1.714	1	10	172	5	9	0	7
1.718	1	6	172	9	12	0	7
1.719	1	10	172	10	9	0	7
1.723	1	6	173	4	12	0	7
1.724	1	10	173	5	9	0	7
1.728	1	6	173	9	12	0	7
1.729	1	10	173	10	9	0	7
1.733	1	6	174	4	12	0	7
1.734	1	10	174	5	9	0	7
1.738	1	6	174	9	12	0	7
1.739	1	10	174	10	9	0	7
1.743	1	6	175	4	12	0	7
1.744	1	10	175	5	9	0	7
1.748	1	6	175	9	12	0	7
1.749	1	10	175	10	9	0	7
1.753	1	6	176	4	12	0	7
1.754	1	10	176	5	9	0	7
1.758	1	6	176	9	12	0	7
1.759	1	10	176	10	9	0	7
1.763	1	6	177	4	12	0	7
1.764	1	7	177	5	2	4	26
1.764	1	9	177	5	3	0	7
1.764	1	10	177	5	9	0	7
1.765	1	4	177	6	1	4	26
1.765	1	9	177	6	3	2	18
1.766	1	7	177	7	2	2	18
1.767	1	9	177	8	3	12	73
1.768	1	6	177	9	12	0	7
1.769	1	7	177	10	2	4	26
1.769	1	9	177	10	3	0	7
1.77	1	4	178	1	1	4	26
1.77	1	9	178	1	3	2	18
1.771	1	10	178	2	9	4	26
1.771	1	8	178	2	11	0	7
1.771	1	7	178	2	2	2	18
1.772	1	9	178	3	3	12	73
1.772	1	10	178	3	9	0	7
1.772	1	8	178	3	11	0	7
1.772	1	6	178	3	12	0	7
1.773	1	10	178	4	9	0	7
1.773	1	8	178	4	11	4	26
1.773	1	6	178	4	12	4	26
1.774	1	7	178	5	2	2	18
1.775	1	8	178	6	11	4	26
1.775	1	6	178	6	12	6	32
1.775	1	3	178	6	15	2	18
1.775	1	4	178	6	1	0	7
1.775	1	9	178	6	3	4	26
1.776	1	10	178	7	9	4	26
1.776	1	8	178	7	11	0	7
1.776	1	3	178	7	15	0	7
1.776	1	7	178	7	2	2	18
1.777	1	10	178	8	9	0	7
1.777	1	8	178	8	11	0	7
1.777	1	6	178	8	12	0	7
1.778	1	10	178	9	9	0	7
1.778	1	8	178	9	11	4	26
1.778	1	6	178	9	12	4	26
1.779	1	3	178	10	15	2	18
1.78	1	8	179	1	11	4	26
1.78	1	6	179	1	12	6	32
1.78	1	3	179	1	15	2	18
1.781	1	10	179	2	9	4	26
1.781	1	3	179	2	15	0	7
1.783	1	8	179	4	11	2	18
1.783	1	6	179	4	12	0	7
1.784	1	3	179	5	15	2	18
1.785	1	6	179	6	12	0	7
1.785	1	9	179	6	3	4	26
1.788	1	8	179	9	11	6	32
1.788	1	6	179	9	12	2	18
1.79	1	8	180	1	11	4	26
1.79	1	3	180	1	15	0	7
1.79	1	9	180	1	3	4	26
1.791	1	10	180	2	9	6	32
1.793	1	8	180	4	11	2	18
1.794	1	3	180	5	15	0	7
1.795	1	8	180	6	11	4	26
1.795	1	3	180	6	15	0	7
1.795	1	9	180	6	3	0	7
1.796	1	10	180	7	9	6	32
1.798	1	6	180	9	12	2	18
1.799	1	3	180	10	15	0	7
1.8	1	9	181	1	3	6	32
1.801	1	10	181	2	9	2	18
1.803	1	8	181	4	11	2	18
1.803	1	6	181	4	12	2	18
1.804	1	3	181	5	15	0	7
1.806	1	10	181	7	9	0	7
1.808	1	8	181	9	11	2	18
1.809	1	3	181	10	15	0	7
1.81	1	9	182	1	3	8	49
1.811	1	10	182	2	9	2	18
1.813	1	8	182	4	11	4	26
1.813	1	6	182	4	12	2	18
1.814	1	3	182	5	15	0	7
1.815	1	9	182	6	3	8	49
1.816	1	10	182	7	9	2	18
1.818	1	8	182	9	11	4	26
1.818	1	6	182	9	12	2	18
1.819	1	3	182	10	15	0	7
1.82	1	9	183	1	3	4	26
1.823	1	8	183	4	11	2	18
1.823	1	6	183	4	12	2	18
1.824	1	3	183	5	15	0	7
1.826	1	10	183	7	9	6	32
1.828	1	8	183	9	11	0	7
1.829	1	3	183	10	15	0	7
1.83	1	9	184	1	3	4	26
1.831	1	10	184	2	9	6	32
1.833	1	6	184	4	12	0	7
1.834	1	3	184	5	15	0	7
1.835	1	9	184	6	3	4	26
1.836	1	10	184	7	9	4	26
1.838	1	6	184	9	12	0	7
1.839	1	3	184	10	15	0	7
1.84	1	9	185	1	3	2	18
1.841	1	10	185	2	9	4	26
1.843	1	6	185	4	12	0	7
1.844	1	3	185	5	15	0	7
1.845	1	9	185	6	3	2	18
1.848	1	6	185	9	12	0	7
1.849	1	3	185	10	15	0	7
1.851	1	10	186	2	9	2	18
1.853	1	6	186	4	12	0	7
1.854	1	3	186	5	15	0	7
1.856	1	10	186	7	9	2	18
1.858	1	6	186	9	12	0	7
1.859	1	3	186	10	15	0	7
1.861	1	10	187	2	9	0	7
1.863	1	6	187	4	12	0	7
1.864	1	3	187	5	15	0	7
1.866	1	10	187	7	9	4	26
1.868	1	6	187	9	12	0	7
1.869	1	3	187	10	15	0	7
1.871	1	10	188	2	9	4	26
1.873	1	6	188	4	12	0	7
1.874	1	3	188	5	15	0	7
1.876	1	10	188	7	9	0	7
1.878	1	6	188	9	12	0	7
1.879	1	3	188	10	15	0	7
1.881	1	10	189	2	9	2	18
1.883	1	6	189	4	12	0	7
1.884	1	3	189	5	15	0	7
1.886	1	10	189	7	9	2	18
1.888	1	6	189	9	12	0	7
1.889	1	3	189	10	15	0	7
1.893	1	6	190	4	12	0	7
1.894	1	3	190	5	15	0	7
1.896	1	10	190	7	9	6	32
1.898	1	6	190	9	12	0	7
1.899	1	3	190	10	15	0	7
1.901	1	10	191	2	9	6	32
1.903	1	6	191	4	12	0	7
1.904	1	3	191	5	15	0	7
1.908	1	6	191	9	12	0	7
1.909	1	3	191	10	15	0	7
1.913	1	6	192	4	12	0	7
1.914	1	3	192	5	15	0	7
1.918	1	6	192	9	12	0	7
1.919	1	3	192	10	15	0	7
1.921	1	4	193	2	1	2	18
1.923	1	9	193	4	3	8	49
1.923	1	6	193	4	12	0	7
1.924	1	3	193	5	15	0	7
1.924	1	4	193	5	1	2	18
1.924	1	9	193	5	3	8	49
1.925	1	7	193	6	2	2	18
1.925	1	9	193	6	3	0	7
1.925	1	5	193	6	4	4	26
1.926	1	4	193	7	1	2	18
1.926	1	7	193	7	2	4	26
1.927	1	9	193	8	3	2	18
1.928	1	9	193	9	3	8	49
1.928	1	5	193	9	4	0	7
1.928	1	6	193	9	12	0	7
1.929	1	3	193	10	15	0	7
1.929	1	4	193	10	1	2	18
1.929	1	9	193	10	3	8	49
1.929	1	10	193	10	9	0	7
1.93	1	7	194	1	2	2	18
1.93	1	9	194	1	3	0	7
1.93	1	5	194	1	4	4	26
1.931	1	8	194	2	11	2	18
1.931	1	7	194	2	2	4	26
1.932	1	9	194	3	3	2	18
1.932	1	10	194	3	9	6	32
1.932	1	2	194	3	10	2	18
1.933	1	9	194	4	3	4	26
1.933	1	5	194	4	4	0	7
1.933	1	10	194	4	9	0	7
1.933	1	6	194	4	12	0	7
1.934	1	9	194	5	3	4	26
1.934	1	10	194	5	9	0	7
1.935	1	8	194	6	11	0	7
1.935	1	5	194	6	4	0	7
1.936	1	8	194	7	11	2	18
1.936	1	7	194	7	2	2	18
1.937	1	9	194	8	3	8	49
1.937	1	10	194	8	9	6	32
1.937	1	2	194	8	10	2	18
1.938	1	10	194	9	9	0	7
1.939	1	1	194	10	16	2	18
1.94	1	8	195	1	11	0	7
1.941	1	8	195	2	11	4	26
1.942	1	9	195	3	3	4	26
1.942	1	10	195	3	9	2	18
1.943	1	9	195	4	3	0	7
1.944	1	1	195	5	16	2	18
1.945	1	8	195	6	11	0	7
1.946	1	8	195	7	11	4	26
1.947	1	10	195	8	9	2	18
1.948	1	9	195	9	3	0	7
1.95	1	8	196	1	11	0	7
1.952	1	10	196	3	9	2	18
1.953	1	9	196	4	3	0	7
1.955	1	8	196	6	11	0	7
1.956	1	8	196	7	11	0	7
1.958	1	9	196	9	3	0	7
1.96	1	8	197	1	11	0	7
1.961	1	8	197	2	11	0	7
1.962	1	10	197	3	9	0	7
1.963	1	9	197	4	3	0	7
1.965	1	8	197	6	11	0	7
1.966	1	8	197	7	11	0	7
1.967	1	10	197	8	9	0	7
1.968	1	9	197	9	3	0	7
1.97	1	8	198	1	11	0	7
1.971	1	8	198	2	11	0	7
1.972	1	10	198	3	9	0	7
1.973	1	9	198	4	3	0	7
1.975	1	8	198	6	11	0	7
1.976	1	8	198	7	11	0	7
1.977	1	10	198	8	9	0	7
1.978	1	9	198	9	3	0	7
1.98	1	8	199	1	11	0	7
1.981	1	8	199	2	11	0	7
1.982	1	10	199	3	9	0	7
1.983	1	9	199	4	3	0	7
1.985	1	8	199	6	11	0	7
1.986	1	8	199	7	11	0	7
1.987	1	10	199	8	9	0	7
1.988	1	9	199	9	3	0	7
1.99	1	8	200	1	11	0	7
1.991	1	8	200	2	11	0	7
1.992	1	10	200	3	9	0	7
1.993	1	9	200	4	3	0	7
1.995	1	8	200	6	11	0	7
1.996	1	8	200	7	11	0	7
1.997	1	10	200	8	9	0	7
1.998	1	9	200	9	3	0	7
2	1	8	201	1	11	0	7
2.001	1	8	201	2	11	0	7
2.002	1	10	201	3	9	0	7
2.003	1	9	201	4	3	0	7
2.005	1	8	201	6	11	0	7
2.006	1	8	201	7	11	0	7
2.007	1	10	201	8	9	0	7
2.008	1	9	201	9	3	0	7
2.01	1	8	202	1	11	0	7
2.011	1	8	202	2	11	0	7
2.012	1	10	202	3	9	0	7
2.013	1	9	202	4	3	0	7
2.015	1	8	202	6	11	0	7
2.016	1	8	202	7	11	0	7
2.017	1	10	202	8	9	0	7
2.018	1	9	202	9	3	0	7
2.02	1	8	203	1	11	0	7
2.021	1	8	203	2	11	0	7
2.022	1	10	203	3	9	0	7
2.023	1	9	203	4	3	0	7
2.025	1	8	203	6	11	0	7
2.026	1	8	203	7	11	0	7
2.027	1	10	203	8	9	0	7
2.028	1	9	203	9	3	0	7
2.03	1	8	204	1	11	0	7
2.031	1	8	204	2	11	0	7
2.032	1	10	204	3	9	0	7
2.033	1	9	204	4	3	0	7
2.035	1	8	204	6	11	0	7
2.036	1	8	204	7	11	0	7
2.037	1	10	204	8	9	0	7
2.038	1	9	204	9	3	0	7
2.04	1	8	205	1	11	0	7
2.041	1	8	205	2	11	0	7
2.042	1	10	205	3	9	0	7
2.043	1	9	205	4	3	0	7
2.045	1	8	205	6	11	0	7
2.046	1	8	205	7	11	0	7
2.047	1	10	205	8	9	0	7
2.048	1	9	205	9	3	0	7
2.05	1	8	206	1	11	0	7
2.051	1	8	206	2	11	0	7
2.052	1	10	206	3	9	0	7
2.053	1	9	206	4	3	0	7
2.055	1	8	206	6	11	0	7
2.056	1	8	206	7	11	0	7
2.057	1	10	206	8	9	0	7
2.058	1	9	206	9	3	0	7
2.06	1	8	207	1	11	0	7
2.061	1	8	207	2	11	0	7
2.062	1	10	207	3	9	0	7
2.063	1	9	207	4	3	0	7
2.065	1	8	207	6	11	0	7
2.066	1	8	207	7	11	0	7
2.067	1	10	207	8	9	0	7
2.068	1	9	207	9	3	0	7
2.07	1	8	208	1	11	0	7
2.071	1	8	208	2	11	0	7
2.072	1	10	208	3	9	0	7
2.073	1	9	208	4	3	0	7
2.075	1	8	208	6	11	0	7
2.076	1	8	208	7	11	0	7
2.077	1	10	208	8	9	0	7
2.078	1	9	208	9	3	0	7
2.08	1	8	209	1	11	0	7
2.081	1	8	209	2	11	0	7
2.082	1	10	209	3	9	0	7
2.084	1	4	209	5	1	0	7
2.085	1	8	209	6	11	0	7
2.086	1	8	209	7	11	0	7
2.086	1	7	209	7	2	2	18
2.087	1	10	209	8	9	0	7
2.089	1	4	209	10	1	0	7
2.089	1	10	209	10	9	0	7
2.09	1	8	210	1	11	0	7
2.091	1	10	210	2	9	0	7
2.091	1	8	210	2	11	0	7
2.091	1	7	210	2	2	2	18
2.092	1	10	210	3	9	2	18
2.092	1	2	210	3	10	2	18
2.092	1	8	210	3	11	2	18
2.093	1	10	210	4	9	0	7
2.093	1	8	210	4	11	6	32
2.094	1	4	210	5	1	0	7
2.094	1	10	210	5	9	0	7
2.095	1	8	210	6	11	6	32
2.096	1	10	210	7	9	0	7
2.097	1	10	210	8	9	2	18
2.097	1	2	210	8	10	2	18
2.097	1	8	210	8	11	2	18
2.098	1	10	210	9	9	0	7
2.098	1	8	210	9	11	6	32
2.099	1	4	210	10	1	0	7
2.099	1	10	210	10	9	0	7
2.1	1	8	211	1	11	6	32
2.102	1	8	211	3	11	2	18
2.104	1	4	211	5	1	0	7
2.104	1	10	211	5	9	0	7
2.108	1	8	211	9	11	4	26
2.109	1	4	211	10	1	0	7
2.109	1	10	211	10	9	0	7
2.113	1	8	212	4	11	4	26
2.114	1	4	212	5	1	0	7
2.114	1	10	212	5	9	0	7
2.119	1	4	212	10	1	0	7
2.119	1	10	212	10	9	0	7
2.124	1	4	213	5	1	0	7
2.124	1	10	213	5	9	0	7
2.129	1	4	213	10	1	0	7
2.129	1	10	213	10	9	0	7
2.134	1	4	214	5	1	0	7
2.134	1	10	214	5	9	0	7
2.139	1	4	214	10	1	0	7
2.139	1	10	214	10	9	0	7
2.144	1	4	215	5	1	0	7
2.144	1	10	215	5	9	0	7
2.149	1	4	215	10	1	0	7
2.149	1	10	215	10	9	0	7
2.154	1	4	216	5	1	0	7
2.154	1	10	216	5	9	0	7
2.159	1	4	216	10	1	0	7
2.159	1	10	216	10	9	0	7
2.164	1	4	217	5	1	0	7
2.164	1	10	217	5	9	0	7
2.169	1	4	217	10	1	0	7
2.169	1	10	217	10	9	0	7
2.174	1	4	218	5	1	0	7
2.174	1	10	218	5	9	0	7
2.179	1	4	218	10	1	0	7
2.179	1	10	218	10	9	0	7
2.184	1	4	219	5	1	0	7
2.184	1	10	219	5	9	0	7
2.189	1	4	219	10	1	0	7
2.189	1	10	219	10	9	0	7
2.194	1	4	220	5	1	0	7
2.194	1	10	220	5	9	0	7
2.199	1	4	220	10	1	0	7
2.199	1	10	220	10	9	0	7
2.204	1	4	221	5	1	0	7
2.204	1	10	221	5	9	0	7
2.209	1	4	221	10	1	0	7
2.209	1	10	221	10	9	0	7
2.214	1	4	222	5	1	0	7
2.214	1	10	222	5	9	0	7
2.219	1	4	222	10	1	0	7
2.219	1	10	222	10	9	0	7
2.224	1	4	223	5	1	0	7
2.224	1	10	223	5	9	0	7
2.229	1	4	223	10	1	0	7
2.229	1	10	223	10	9	0	7
2.234	1	4	224	5	1	0	7
2.234	1	10	224	5	9	0	7
2.239	1	4	224	10	1	0	7
2.239	1	10	224	10	9	0	7
2.241	1	4	225	2	1	4	26
2.244	1	7	225	5	2	0	7
2.244	1	10	225	5	9	0	7
2.245	1	4	225	6	1	2	18
2.245	1	9	225	6	3	2	18
2.245	1	5	225	6	4	2	18
2.246	1	4	225	7	1	4	26
2.247	1	9	225	8	3	0	7
2.247	1	5	225	8	4	2	18
2.248	1	5	225	9	4	6	32
2.249	1	7	225	10	2	0	7
2.249	1	10	225	10	9	0	7
2.25	1	4	226	1	1	2	18
2.25	1	9	226	1	3	2	18
2.25	1	5	226	1	4	2	18
2.251	1	10	226	2	9	6	32
2.252	1	9	226	3	3	0	7
2.252	1	5	226	3	4	2	18
2.253	1	5	226	4	4	6	32
2.253	1	10	226	4	9	2	18
2.253	1	8	226	4	11	2	18
2.253	1	6	226	4	12	2	18
2.254	1	7	226	5	2	0	7
2.254	1	10	226	5	9	0	7
2.255	1	3	226	6	15	4	26
2.255	1	4	226	6	1	2	18
2.256	1	10	226	7	9	6	32
2.256	1	3	226	7	15	2	18
2.258	1	5	226	9	4	4	26
2.258	1	10	226	9	9	2	18
2.258	1	8	226	9	11	2	18
2.258	1	6	226	9	12	2	18
2.259	1	3	226	10	15	2	18
2.259	1	7	226	10	2	0	7
2.259	1	10	226	10	9	0	7
2.26	1	3	227	1	15	4	26
2.26	1	4	227	1	1	4	26
2.26	1	5	227	1	4	2	18
2.261	1	3	227	2	15	2	18
2.262	1	5	227	3	4	0	7
2.263	1	10	227	4	9	12	73
2.264	1	3	227	5	15	2	18
2.264	1	7	227	5	2	0	7
2.264	1	10	227	5	9	0	7
2.265	1	4	227	6	1	2	18
2.265	1	5	227	6	4	2	18
2.266	1	10	227	7	9	2	18
2.267	1	5	227	8	4	0	7
2.268	1	6	227	9	12	0	7
2.27	1	4	228	1	1	0	7
2.271	1	10	228	2	9	2	18
2.272	1	5	228	3	4	0	7
2.273	1	6	228	4	12	0	7
2.275	1	5	228	6	4	0	7
2.276	1	10	228	7	9	6	32
2.277	1	5	228	8	4	0	7
2.278	1	6	228	9	12	0	7
2.28	1	5	229	1	4	0	7
2.282	1	5	229	3	4	0	7
2.283	1	6	229	4	12	0	7
2.285	1	5	229	6	4	0	7
2.286	1	10	229	7	9	6	32
2.287	1	5	229	8	4	0	7
2.288	1	6	229	9	12	0	7
2.29	1	5	230	1	4	0	7
2.291	1	10	230	2	9	6	32
2.292	1	5	230	3	4	0	7
2.293	1	6	230	4	12	0	7
2.295	1	5	230	6	4	0	7
2.297	1	5	230	8	4	0	7
2.298	1	6	230	9	12	0	7
2.3	1	5	231	1	4	0	7
2.302	1	5	231	3	4	0	7
2.303	1	6	231	4	12	0	7
2.305	1	5	231	6	4	0	7
2.307	1	5	231	8	4	0	7
2.308	1	6	231	9	12	0	7
2.31	1	5	232	1	4	0	7
2.312	1	5	232	3	4	0	7
2.313	1	6	232	4	12	0	7
2.315	1	5	232	6	4	0	7
2.317	1	5	232	8	4	0	7
2.318	1	6	232	9	12	0	7
2.32	1	5	233	1	4	0	7
2.322	1	5	233	3	4	0	7
2.323	1	6	233	4	12	0	7
2.325	1	5	233	6	4	0	7
2.327	1	5	233	8	4	0	7
2.328	1	6	233	9	12	0	7
2.33	1	5	234	1	4	0	7
2.332	1	5	234	3	4	0	7
2.333	1	6	234	4	12	0	7
2.335	1	5	234	6	4	0	7
2.337	1	5	234	8	4	0	7
2.338	1	6	234	9	12	0	7
2.34	1	5	235	1	4	0	7
2.342	1	5	235	3	4	0	7
2.343	1	6	235	4	12	0	7
2.345	1	5	235	6	4	0	7
2.347	1	5	235	8	4	0	7
2.348	1	6	235	9	12	0	7
2.35	1	5	236	1	4	0	7
2.352	1	5	236	3	4	0	7
2.353	1	6	236	4	12	0	7
2.355	1	5	236	6	4	0	7
2.357	1	5	236	8	4	0	7
2.358	1	6	236	9	12	0	7
2.36	1	5	237	1	4	0	7
2.362	1	5	237	3	4	0	7
2.363	1	6	237	4	12	0	7
2.365	1	5	237	6	4	0	7
2.367	1	5	237	8	4	0	7
2.368	1	6	237	9	12	0	7
2.37	1	5	238	1	4	0	7
2.372	1	5	238	3	4	0	7
2.373	1	6	238	4	12	0	7
2.375	1	5	238	6	4	0	7
2.377	1	5	238	8	4	0	7
2.378	1	6	238	9	12	0	7
2.38	1	5	239	1	4	0	7
2.382	1	5	239	3	4	0	7
2.383	1	6	239	4	12	0	7
2.385	1	5	239	6	4	0	7
2.387	1	5	239	8	4	0	7
2.388	1	6	239	9	12	0	7
2.39	1	5	240	1	4	0	7
2.392	1	5	240	3	4	0	7
2.393	1	6	240	4	12	0	7
2.395	1	5	240	6	4	0	7
2.397	1	5	240	8	4	0	7
2.398	1	6	240	9	12	0	7
2.4	1	5	241	1	4	0	7
2.402	1	5	241	3	4	0	7
2.403	1	7	241	4	2	0	7
2.403	1	6	241	4	12	0	7
2.404	1	7	241	5	2	4	26
2.405	1	4	241	6	1	2	18
2.405	1	5	241	6	4	2	18
2.406	1	7	241	7	2	0	7
2.407	1	5	241	8	4	0	7
2.408	1	7	241	9	2	0	7
2.408	1	6	241	9	12	0	7
2.409	1	7	241	10	2	4	26
2.409	1	10	241	10	9	6	32
2.41	1	4	242	1	1	2	18
2.41	1	5	242	1	4	2	18
2.411	1	10	242	2	9	4	26
2.411	1	8	242	2	11	6	32
2.411	1	7	242	2	2	0	7
2.412	1	5	242	3	4	0	7
2.412	1	10	242	3	9	0	7
2.412	1	6	242	3	12	0	7
2.413	1	7	242	4	2	0	7
2.413	1	8	242	4	11	2	18
2.414	1	7	242	5	2	0	7
2.414	1	10	242	5	9	6	32
2.415	1	8	242	6	11	2	18
2.415	1	6	242	6	12	2	18
2.415	1	3	242	6	15	4	26
2.415	1	4	242	6	1	0	7
2.416	1	10	242	7	9	4	26
2.416	1	8	242	7	11	6	32
2.416	1	7	242	7	2	0	7
2.417	1	5	242	8	4	0	7
2.417	1	10	242	8	9	0	7
2.417	1	6	242	8	12	0	7
2.417	1	3	242	8	15	0	7
2.417	1	1	242	8	16	2	18
2.418	1	7	242	9	2	0	7
2.418	1	8	242	9	11	2	18
2.419	1	3	242	10	15	0	7
2.419	1	1	242	10	16	2	18
2.419	1	7	242	10	2	2	18
2.419	1	10	242	10	9	0	7
2.42	1	8	243	1	11	2	18
2.42	1	6	243	1	12	2	18
2.42	1	3	243	1	15	4	26
2.422	1	5	243	3	4	0	7
2.422	1	10	243	3	9	0	7
2.422	1	6	243	3	12	0	7
2.422	1	3	243	3	15	0	7
2.422	1	1	243	3	16	2	18
2.424	1	3	243	5	15	0	7
2.424	1	1	243	5	16	2	18
2.425	1	8	243	6	11	2	18
2.425	1	6	243	6	12	2	18
2.426	1	8	243	7	11	2	18
2.428	1	8	243	9	11	0	7
2.429	1	7	243	10	2	0	7
2.43	1	8	244	1	11	2	18
2.43	1	6	244	1	12	2	18
2.43	1	3	244	1	15	2	18
2.431	1	8	244	2	11	2	18
2.433	1	8	244	4	11	0	7
2.434	1	7	244	5	2	0	7
2.435	1	8	244	6	11	4	26
2.435	1	3	244	6	15	2	18
2.436	1	8	244	7	11	4	26
2.438	1	8	244	9	11	0	7
2.439	1	7	244	10	2	0	7
2.44	1	8	245	1	11	2	18
2.441	1	8	245	2	11	2	18
2.443	1	8	245	4	11	0	7
2.444	1	7	245	5	2	0	7
2.445	1	8	245	6	11	4	26
2.445	1	3	245	6	15	2	18
2.446	1	8	245	7	11	2	18
2.448	1	8	245	9	11	0	7
2.449	1	7	245	10	2	0	7
2.45	1	3	246	1	15	2	18
2.451	1	8	246	2	11	2	18
2.453	1	8	246	4	11	0	7
2.454	1	7	246	5	2	0	7
2.455	1	8	246	6	11	2	18
2.458	1	8	246	9	11	0	7
2.459	1	7	246	10	2	0	7
2.46	1	8	247	1	11	2	18
2.46	1	3	247	1	15	2	18
2.463	1	8	247	4	11	0	7
2.464	1	7	247	5	2	0	7
2.465	1	3	247	6	15	2	18
2.468	1	8	247	9	11	0	7
2.469	1	7	247	10	2	0	7
2.47	1	8	248	1	11	4	26
2.47	1	3	248	1	15	2	18
2.473	1	8	248	4	11	0	7
2.474	1	7	248	5	2	0	7
2.475	1	8	248	6	11	4	26
2.478	1	8	248	9	11	0	7
2.479	1	7	248	10	2	0	7
2.48	1	8	249	1	11	2	18
2.48	1	3	249	1	15	0	7
2.483	1	8	249	4	11	0	7
2.484	1	7	249	5	2	0	7
2.485	1	8	249	6	11	2	18
2.485	1	3	249	6	15	0	7
2.488	1	8	249	9	11	0	7
2.489	1	7	249	10	2	0	7
2.493	1	8	250	4	11	0	7
2.494	1	7	250	5	2	0	7
2.495	1	8	250	6	11	6	32
2.498	1	8	250	9	11	0	7
2.499	1	7	250	10	2	0	7
2.5	1	8	251	1	11	6	32
2.503	1	8	251	4	11	0	7
2.504	1	7	251	5	2	0	7
2.505	1	8	251	6	11	0	7
2.508	1	8	251	9	11	0	7
2.509	1	7	251	10	2	0	7
2.51	1	8	252	1	11	0	7
2.513	1	8	252	4	11	0	7
2.514	1	7	252	5	2	0	7
2.515	1	8	252	6	11	0	7
2.518	1	8	252	9	11	0	7
2.519	1	7	252	10	2	0	7
2.52	1	8	253	1	11	0	7
2.523	1	8	253	4	11	0	7
2.524	1	7	253	5	2	0	7
2.525	1	8	253	6	11	0	7
2.528	1	8	253	9	11	0	7
2.529	1	7	253	10	2	0	7
2.53	1	8	254	1	11	0	7
2.533	1	8	254	4	11	0	7
2.534	1	7	254	5	2	0	7
2.535	1	8	254	6	11	0	7
2.538	1	8	254	9	11	0	7
2.539	1	7	254	10	2	0	7
2.54	1	8	255	1	11	0	7
2.543	1	8	255	4	11	0	7
2.544	1	7	255	5	2	0	7
2.545	1	8	255	6	11	0	7
2.548	1	8	255	9	11	0	7
2.549	1	7	255	10	2	0	7
2.55	1	8	256	1	11	0	7
2.553	1	8	256	4	11	0	7
2.554	1	7	256	5	2	0	7
2.555	1	8	256	6	11	0	7
2.558	1	8	256	9	11	0	7
2.559	1	7	256	10	2	0	7
2.56	1	8	257	1	11	0	7
2.563	1	8	257	4	11	0	7
2.565	1	8	257	6	11	0	7
2.565	1	7	257	6	2	2	18
2.565	1	5	257	6	4	2	18
2.567	1	9	257	8	3	2	18
2.567	1	5	257	8	4	8	49
2.568	1	5	257	9	4	2	18
2.568	1	8	257	9	11	0	7
2.569	1	10	257	10	9	6	32
2.57	1	8	258	1	11	0	7
2.57	1	7	258	1	2	2	18
2.57	1	5	258	1	4	2	18
2.571	1	10	258	2	9	4	26
2.571	1	8	258	2	11	4	26
2.572	1	9	258	3	3	2	18
2.572	1	5	258	3	4	8	49
2.572	1	8	258	3	11	0	7
2.573	1	5	258	4	4	2	18
2.573	1	10	258	4	9	2	18
2.573	1	8	258	4	11	0	7
2.574	1	10	258	5	9	6	32
2.575	1	7	258	6	2	0	7
2.575	1	5	258	6	4	4	26
2.576	1	10	258	7	9	4	26
2.576	1	8	258	7	11	4	26
2.577	1	9	258	8	3	4	26
2.577	1	8	258	8	11	0	7
2.578	1	5	258	9	4	4	26
2.578	1	10	258	9	9	2	18
2.58	1	7	259	1	2	2	18
2.58	1	5	259	1	4	0	7
2.581	1	8	259	2	11	2	18
2.582	1	5	259	3	4	2	18
2.584	1	10	259	5	9	2	18
2.585	1	5	259	6	4	2	18
2.587	1	5	259	8	4	2	18
2.589	1	10	259	10	9	2	18
2.592	1	5	260	3	4	0	7
2.594	1	10	260	5	9	4	26
2.599	1	10	260	10	9	4	26
2.609	1	10	261	10	9	2	18
2.614	1	10	262	5	9	2	18
2.619	1	10	262	10	9	2	18
2.624	1	10	263	5	9	0	7
2.721	1	4	273	2	1	0	7
2.723	1	9	273	4	3	2	18
2.724	1	7	273	5	2	2	18
2.724	1	9	273	5	3	4	26
2.724	1	5	273	5	4	2	18
2.725	1	5	273	6	4	4	26
2.726	1	4	273	7	1	0	7
2.727	1	9	273	8	3	2	18
2.727	1	5	273	8	4	4	26
2.728	1	9	273	9	3	2	18
2.729	1	7	273	10	2	2	18
2.729	1	9	273	10	3	4	26
2.729	1	5	273	10	4	2	18
2.73	1	5	274	1	4	4	26
2.731	1	4	274	2	1	0	7
2.732	1	9	274	3	3	2	18
2.732	1	5	274	3	4	4	26
2.732	1	10	274	3	9	2	18
2.732	1	8	274	3	11	0	7
2.732	1	6	274	3	12	4	26
2.733	1	9	274	4	3	0	7
2.733	1	10	274	4	9	4	26
2.733	1	8	274	4	11	4	26
2.733	1	6	274	4	12	2	18
2.734	1	9	274	5	3	8	49
2.735	1	5	274	6	4	0	7
2.736	1	6	274	7	12	2	18
2.736	1	3	274	7	15	2	18
2.736	1	4	274	7	1	0	7
2.737	1	9	274	8	3	2	18
2.737	1	10	274	8	9	2	18
2.737	1	8	274	8	11	0	7
2.737	1	6	274	8	12	4	26
2.738	1	10	274	9	9	4	26
2.738	1	8	274	9	11	4	26
2.738	1	6	274	9	12	2	18
2.739	1	7	274	10	2	0	7
2.74	1	5	275	1	4	0	7
2.741	1	6	275	2	12	2	18
2.741	1	3	275	2	15	2	18
2.741	1	4	275	2	1	0	7
2.742	1	5	275	3	4	0	7
2.742	1	10	275	3	9	2	18
2.742	1	6	275	3	12	0	7
2.743	1	8	275	4	11	4	26
2.743	1	6	275	4	12	2	18
2.744	1	7	275	5	2	0	7
2.744	1	9	275	5	3	2	18
2.745	1	5	275	6	4	0	7
2.746	1	6	275	7	12	4	26
2.747	1	9	275	8	3	0	7
2.747	1	5	275	8	4	0	7
2.748	1	8	275	9	11	10	57
2.748	1	6	275	9	12	0	7
2.749	1	7	275	10	2	0	7
2.749	1	9	275	10	3	2	18
2.75	1	5	276	1	4	0	7
2.752	1	9	276	3	3	0	7
2.752	1	10	276	3	9	6	32
2.753	1	6	276	4	12	4	26
2.755	1	5	276	6	4	0	7
2.756	1	6	276	7	12	8	49
2.757	1	9	276	8	3	0	7
2.757	1	10	276	8	9	6	32
2.759	1	9	276	10	3	0	7
2.76	1	5	277	1	4	0	7
2.761	1	6	277	2	12	8	49
2.763	1	6	277	4	12	0	7
2.764	1	9	277	5	3	0	7
2.765	1	5	277	6	4	0	7
2.766	1	6	277	7	12	0	7
2.767	1	10	277	8	9	4	26
2.768	1	6	277	9	12	0	7
2.769	1	9	277	10	3	0	7
2.77	1	5	278	1	4	0	7
2.772	1	10	278	3	9	4	26
2.773	1	6	278	4	12	0	7
2.774	1	9	278	5	3	0	7
2.775	1	5	278	6	4	0	7
2.777	1	10	278	8	9	8	49
2.778	1	6	278	9	12	0	7
2.779	1	9	278	10	3	0	7
2.78	1	5	279	1	4	0	7
2.782	1	10	279	3	9	4	26
2.783	1	6	279	4	12	0	7
2.784	1	9	279	5	3	0	7
2.785	1	5	279	6	4	0	7
2.788	1	6	279	9	12	0	7
2.789	1	9	279	10	3	0	7
2.79	1	5	280	1	4	0	7
2.792	1	10	280	3	9	0	7
2.793	1	6	280	4	12	0	7
2.794	1	9	280	5	3	0	7
2.795	1	5	280	6	4	0	7
2.797	1	10	280	8	9	0	7
2.798	1	6	280	9	12	0	7
2.799	1	9	280	10	3	0	7
2.8	1	5	281	1	4	0	7
2.802	1	10	281	3	9	0	7
2.803	1	6	281	4	12	0	7
2.804	1	9	281	5	3	0	7
2.805	1	5	281	6	4	0	7
2.807	1	10	281	8	9	0	7
2.808	1	6	281	9	12	0	7
2.809	1	9	281	10	3	0	7
2.81	1	5	282	1	4	0	7
2.812	1	10	282	3	9	0	7
2.813	1	6	282	4	12	0	7
2.814	1	9	282	5	3	0	7
2.815	1	5	282	6	4	0	7
2.817	1	10	282	8	9	0	7
2.818	1	6	282	9	12	0	7
2.819	1	9	282	10	3	0	7
2.82	1	5	283	1	4	0	7
2.822	1	10	283	3	9	0	7
2.823	1	6	283	4	12	0	7
2.824	1	9	283	5	3	0	7
2.825	1	5	283	6	4	0	7
2.827	1	10	283	8	9	0	7
2.828	1	6	283	9	12	0	7
2.829	1	9	283	10	3	0	7
2.83	1	5	284	1	4	0	7
2.832	1	10	284	3	9	0	7
2.833	1	6	284	4	12	0	7
2.834	1	9	284	5	3	0	7
2.835	1	5	284	6	4	0	7
2.837	1	10	284	8	9	0	7
2.838	1	6	284	9	12	0	7
2.839	1	9	284	10	3	0	7
2.84	1	5	285	1	4	0	7
2.842	1	10	285	3	9	0	7
2.843	1	6	285	4	12	0	7
2.844	1	9	285	5	3	0	7
2.845	1	5	285	6	4	0	7
2.847	1	10	285	8	9	0	7
2.848	1	6	285	9	12	0	7
2.849	1	9	285	10	3	0	7
2.85	1	5	286	1	4	0	7
2.852	1	10	286	3	9	0	7
2.853	1	6	286	4	12	0	7
2.854	1	9	286	5	3	0	7
2.855	1	5	286	6	4	0	7
2.857	1	10	286	8	9	0	7
2.858	1	6	286	9	12	0	7
2.859	1	9	286	10	3	0	7
2.86	1	5	287	1	4	0	7
2.862	1	10	287	3	9	0	7
2.863	1	6	287	4	12	0	7
2.864	1	9	287	5	3	0	7
2.865	1	5	287	6	4	0	7
2.867	1	10	287	8	9	0	7
2.868	1	6	287	9	12	0	7
2.869	1	9	287	10	3	0	7
2.87	1	5	288	1	4	0	7
2.872	1	10	288	3	9	0	7
2.873	1	6	288	4	12	0	7
2.874	1	9	288	5	3	0	7
2.875	1	5	288	6	4	0	7
2.877	1	10	288	8	9	0	7
2.878	1	6	288	9	12	0	7
2.879	1	9	288	10	3	0	7
2.88	1	5	289	1	4	0	7
2.882	1	10	289	3	9	0	7
2.883	1	7	289	4	2	2	18
2.883	1	9	289	4	3	0	7
2.883	1	6	289	4	12	0	7
2.884	1	4	289	5	1	4	26
2.884	1	7	289	5	2	4	26
2.884	1	9	289	5	3	2	18
2.885	1	9	289	6	3	2	18
2.886	1	7	289	7	2	2	18
2.887	1	9	289	8	3	6	32
2.887	1	10	289	8	9	0	7
2.888	1	7	289	9	2	2	18
2.888	1	9	289	9	3	0	7
2.888	1	6	289	9	12	0	7
2.889	1	4	289	10	1	4	26
2.889	1	7	289	10	2	4	26
2.889	1	9	289	10	3	2	18
2.889	1	10	289	10	9	0	7
2.89	1	9	290	1	3	2	18
2.891	1	7	290	2	2	2	18
2.892	1	9	290	3	3	6	32
2.892	1	2	290	3	10	0	7
2.892	1	6	290	3	12	4	26
2.893	1	10	290	4	9	2	18
2.893	1	6	290	4	12	4	26
2.894	1	4	290	5	1	6	32
2.894	1	7	290	5	2	2	18
2.894	1	10	290	5	9	0	7
2.894	1	2	290	5	10	0	7
2.896	1	7	290	7	2	0	7
2.897	1	2	290	8	10	0	7
2.897	1	6	290	8	12	4	26
2.898	1	10	290	9	9	2	18
2.899	1	7	290	10	2	4	26
2.899	1	9	290	10	3	2	18
2.899	1	2	290	10	10	0	7
2.9	1	9	291	1	3	0	7
2.902	1	9	291	3	3	6	32
2.902	1	6	291	3	12	2	18
2.903	1	10	291	4	9	2	18
2.904	1	9	291	5	3	2	18
2.905	1	9	291	6	3	0	7
2.907	1	9	291	8	3	6	32
2.907	1	6	291	8	12	0	7
2.908	1	10	291	9	9	2	18
2.909	1	7	291	10	2	2	18
2.909	1	9	291	10	3	0	7
2.91	1	9	292	1	3	0	7
2.912	1	9	292	3	3	0	7
2.913	1	10	292	4	9	0	7
2.914	1	7	292	5	2	2	18
2.914	1	9	292	5	3	4	26
2.915	1	9	292	6	3	0	7
2.917	1	9	292	8	3	4	26
2.918	1	10	292	9	9	2	18
2.919	1	7	292	10	2	0	7
2.92	1	9	293	1	3	0	7
2.922	1	9	293	3	3	4	26
2.923	1	10	293	4	9	2	18
2.924	1	7	293	5	2	2	18
2.925	1	9	293	6	3	0	7
2.927	1	9	293	8	3	0	7
2.928	1	10	293	9	9	2	18
2.929	1	7	293	10	2	2	18
2.93	1	9	294	1	3	0	7
2.933	1	10	294	4	9	0	7
2.935	1	9	294	6	3	0	7
2.94	1	9	295	1	3	0	7
2.945	1	9	295	6	3	0	7
2.95	1	9	296	1	3	0	7
2.955	1	9	296	6	3	0	7
2.96	1	9	297	1	3	0	7
2.965	1	9	297	6	3	0	7
2.97	1	9	298	1	3	0	7
2.975	1	9	298	6	3	0	7
2.98	1	9	299	1	3	0	7
2.985	1	9	299	6	3	0	7
2.99	1	9	300	1	3	0	7
2.995	1	9	300	6	3	0	7
