% start	end	CellId	IMSI	RNTI	LCID	nTxPDUs	TxBytes	nRxPDUs	RxBytes	delay	stdDev	min	max	PduSize	stdDev	min	max
0	0.25	1	4	1	3	5	95	5	95	0.00471429	0	0.00471429	0.00471429	19	0	19	19	
0	0.25	1	5	4	3	32	681	32	681	0.00471429	0	0.00471429	0.00471429	21.2812	6.38665	18	49	
0	0.25	1	7	2	3	8	173	8	173	0.00471429	0	0.00471429	0.00471429	21.625	3.62284	19	26	
0	0.25	1	9	3	3	88	2888	87	2839	0.00471429	0	0.00471429	0.00471429	32.6322	13.49	18	73	
0	0.25	1	10	9	3	21	589	20	557	0.00471429	0	0.00471429	0.00471429	27.85	9.17821	18	57	
0.25	0.5	1	1	16	3	2	36	0	0	0	0	0	0	0	0	0	0	
0.25	0.5	1	4	1	3	10	180	10	180	0.00471429	0	0.00471429	0.00471429	18	0	18	18	
0.25	0.5	1	6	12	3	31	902	28	806	0.00471429	0	0.00471429	0.00471429	28.7857	10.1081	18	57	
0.25	0.5	1	7	2	3	21	555	21	555	0.00471429	0	0.00471429	0.00471429	26.4286	11.6772	18	57	
0.25	0.5	1	8	11	3	32	981	32	981	0.00471429	0	0.00471429	0.00471429	30.6563	11.7298	18	57	
0.25	0.5	1	9	3	3	110	3678	110	3709	0.00471429	0	0.00471429	0.00471429	33.7182	14.2611	18	93	
0.25	0.5	1	10	9	3	77	2672	75	2557	0.00471429	0	0.00471429	0.00471429	34.0933	14.4205	18	93	
0.5	0.75	1	1	16	3	6	108	8	144	0.00471429	0	0.00471429	0.00471429	18	0	18	18	
0.5	0.75	1	3	15	3	20	398	20	398	0.00471429	0	0.00471429	0.00471429	19.9	4.07689	18	32	
0.5	0.75	1	4	1	3	14	402	14	402	0.00471429	0	0.00471429	0.00471429	28.7143	5.18027	18	32	
0.5	0.75	1	6	12	3	17	575	20	671	0.00471429	0	0.00471429	0.00471429	33.55	10.4048	18	49	
0.5	0.75	1	7	2	3	30	682	29	664	0.00471429	0	0.00471429	0.00471429	22.8966	8.86947	18	49	
0.5	0.75	1	9	3	3	88	2883	88	2875	0.00471429	0	0.00471429	0.00471429	32.6705	14.7973	18	73	
0.5	0.75	1	10	9	3	131	5336	134	5483	0.00471429	0	0.00471429	0.00471429	40.9179	21.3834	18	93	
0.75	1	1	4	1	3	24	590	24	590	0.00471429	0	0.00471429	0.00471429	24.5833	3.65842	18	32	
0.75	1	1	5	4	3	48	1079	47	1061	0.00471429	0	0.00471429	0.00471429	22.5745	6.79112	18	49	
0.75	1	1	6	12	3	62	1730	62	1730	0.00471429	0	0.00471429	0.00471429	27.9032	8.8405	18	57	
0.75	1	1	7	2	3	97	3105	98	3123	0.00471429	0	0.00471429	0.00471429	31.8673	13.3282	18	93	
0.75	1	1	8	11	3	53	1597	50	1434	0.00471429	0	0.00471429	0.00471429	28.68	12.2748	18	73	
0.75	1	1	9	3	3	71	2366	72	2392	0.00471429	0	0.00471429	0.00471429	33.2222	12.2718	18	73	
0.75	1	1	10	9	3	17	525	17	525	0.00471429	0	0.00471429	0.00471429	30.8824	18.0862	18	73	
1	1.25	1	5	4	3	26	880	27	898	0.00471429	0	0.00471429	0.00471429	33.2593	14.6119	18	57	
1	1.25	1	7	2	3	57	1802	57	1802	0.00471429	0	0.00471429	0.00471429	31.614	15.1537	18	93	
1	1.25	1	8	11	3	100	3056	102	3187	0.00471429	0	0.00471429	0.00471429	31.2451	13.2564	18	73	
1	1.25	1	10	9	3	137	5711	135	5653	0.00471429	0	0.00471429	0.00471429	41.8741	21.8586	18	93	
1.25	1.5	1	4	1	3	43	1108	43	1108	0.00471429	0	0.00471429	0.00471429	25.7674	9.77567	18	57	
1.25	1.5	1	5	4	3	34	851	32	801	0.00471429	0	0.00471429	0.00471429	25.0312	6.1774	18	49	
1.25	1.5	1	6	12	3	72	2451	70	2387	0.00471429	0	0.00471429	0.00471429	34.1	17.2477	18	93	
1.25	1.5	1	7	2	3	26	725	26	725	0.00471429	0	0.00471429	0.00471429	27.8846	13.4055	18	57	
1.25	1.5	1	8	11	3	39	1245	38	1233	0.00471429	0	0.00471429	0.00471429	32.4474	10.3577	18	49	
1.25	1.5	1	9	3	3	29	1001	29	1001	0.00471429	0	0.00471429	0.00471429	34.5172	10.9304	18	49	
1.25	1.5	1	10	9	3	92	2835	92	2812	0.00471429	0	0.00471429	0.00471429	30.5652	15.6087	18	93	
1.5	1.75	1	3	15	3	17	354	17	354	0.00471429	0	0.00471429	0.00471429	20.8235	3.94074	18	26	
1.5	1.75	1	5	4	3	30	817	32	867	0.00471429	0	0.00471429	0.00471429	27.0938	8.50184	18	49	
1.5	1.75	1	6	12	3	14	409	16	473	0.00471429	0	0.00471429	0.00471429	29.5625	12.858	18	57	
1.5	1.75	1	7	2	3	4	125	4	125	0.00471429	0	0.00471429	0.00471429	31.25	18.3916	18	57	
1.5	1.75	1	8	11	3	10	247	12	291	0.00471429	0	0.00471429	0.00471429	24.25	9.59285	18	49	
1.5	1.75	1	9	3	3	8	302	8	302	0.00471429	0	0.00471429	0.00471429	37.75	29.0849	18	93	
1.5	1.75	1	10	9	3	69	2542	70	2591	0.00471429	0	0.00471429	0.00471429	37.0143	18.9236	18	93	
1.75	2	1	3	15	3	27	596	27	596	0.00471429	0	0.00471429	0.00471429	22.0741	4.45426	18	32	
1.75	2	1	4	1	3	38	882	38	882	0.00471429	0	0.00471429	0.00471429	23.2105	5.12629	18	32	
1.75	2	1	5	4	3	57	1391	56	1365	0.00471429	0	0.00471429	0.00471429	24.375	9.75064	18	57	
1.75	2	1	6	12	3	71	2457	68	2350	0.00471429	0	0.00471429	0.00471429	34.5588	16.1637	18	73	
1.75	2	1	8	11	3	63	2373	63	2373	0.00471429	0	0.00471429	0.00471429	37.6667	16.5286	18	73	
1.75	2	1	9	3	3	102	3829	101	3772	0.00471429	0	0.00471429	0.00471429	37.3465	20.6453	18	93	
1.75	2	1	10	9	3	86	2771	87	2803	0.00471429	0	0.00471429	0.00471429	32.2184	13.4902	18	73	
2	2.25	1	2	10	3	8	144	8	144	0.00471429	0	0.00471429	0.00471429	18	0	18	18	
2	2.25	1	5	4	3	28	731	29	757	0.00471429	0	0.00471429	0.00471429	26.1034	11.2229	18	57	
2	2.25	1	6	12	3	30	867	33	974	0.00471429	0	0.00471429	0.00471429	29.5152	10.5033	18	49	
2	2.25	1	7	2	3	19	552	19	552	0.00471429	0	0.00471429	0.00471429	29.0526	9.50131	18	49	
2	2.25	1	8	11	3	14	338	14	338	0.00471429	0	0.00471429	0.00471429	24.1429	4.32981	18	32	
2	2.25	1	9	3	3	75	2812	73	2815	0.00471429	0	0.00471429	0.00471429	38.5616	15.6258	18	93	
2	2.25	1	10	9	3	63	2111	63	2111	0.00471429	0	0.00471429	0.00471429	33.5079	13.7722	18	73	
2.25	2.5	1	4	1	3	31	791	31	791	0.00471429	0	0.00471429	0.00471429	25.5161	9.58426	18	49	
2.25	2.5	1	8	11	3	63	1851	63	1851	0.00471429	0	0.00471429	0.00471429	29.381	10.8098	18	57	
2.25	2.5	1	9	3	3	104	3956	106	3917	0.00471429	0	0.00471429	0.00471429	36.9528	17.024	18	93	
2.25	2.5	1	10	9	3	118	4646	118	4646	0.00471429	0	0.00471429	0.00471429	39.3729	17.8233	18	93	
2.5	2.75	1	2	10	3	8	144	8	144	0.00471429	0	0.00471429	0.00471429	18	0	18	18	
2.5	2.75	1	3	15	3	10	180	7	126	0.00471429	0	0.00471429	0.00471429	18	0	18	18	
2.5	2.75	1	4	1	3	16	366	13	284	0.00471429	0	0.00471429	0.00471429	21.8462	6.18932	18	32	
2.5	2.75	1	5	4	3	27	624	27	624	0.00471429	0	0.00471429	0.00471429	23.1111	5.00256	18	32	
2.5	2.75	1	6	12	3	52	1289	49	1227	0.00471429	0	0.00471429	0.00471429	25.0408	6.40299	18	49	
2.5	2.75	1	7	2	3	69	2142	69	2142	0.00471429	0	0.00471429	0.00471429	31.0435	9.91795	18	57	
2.5	2.75	1	8	11	3	42	1492	40	1403	0.00471429	0	0.00471429	0.00471429	35.075	21.2052	18	73	
2.5	2.75	1	9	3	3	79	3115	80	3208	0.00471429	0	0.00471429	0.00471429	40.1	14.114	18	93	
2.5	2.75	1	10	9	3	63	2281	61	2206	0.00471429	0	0.00471429	0.00471429	36.1639	20.1016	18	93	
2.75	3	1	3	15	3	3	62	6	116	0.00471429	0	0.00471429	0.00471429	19.3333	3.26599	18	26	
2.75	3	1	4	1	3	61	1454	64	1536	0.00471429	0	0.00471429	0.00471429	24	5.78997	18	32	
2.75	3	1	5	4	3	14	340	14	340	0.00471429	0	0.00471429	0.00471429	24.2857	3.40652	18	26	
2.75	3	1	6	12	3	76	2371	79	2433	0.00471429	0	0.00471429	0.00471429	30.7975	12.0345	18	73	
2.75	3	1	7	2	3	23	656	23	656	0.00471429	0	0.00471429	0.00471429	28.5217	7.7452	18	49	
2.75	3	1	8	11	3	22	802	24	891	0.00471429	0	0.00471429	0.00471429	37.125	14.2106	18	57	
2.75	3	1	9	3	3	65	2406	63	2356	0.00471429	0	0.00471429	0.00471429	37.3968	19.4468	18	93	
2.75	3	1	10	9	3	80	2848	81	2897	0.00471429	0	0.00471429	0.00471429	35.7654	16.8436	18	93	
3	3.25	1	4	1	3	27	600	25	556	0.00471429	0	0.00471429	0.00471429	22.24	5.20641	18	32	
3	3.25	1	5	4	3	25	712	22	658	0.00471429	0	0.00471429	0.00471429	29.9091	7.15082	18	49	
3	3.25	1	6	12	3	24	846	21	739	0.00471429	0	0.00471429	0.00471429	35.1905	20.3902	18	73	
3	3.25	1	7	2	3	75	2335	72	2281	0.00471429	0	0.00471429	0.00471429	31.6806	11.4287	18	57	
3	3.25	1	8	11	3	64	1851	64	1851	0.00471429	0	0.00471429	0.00471429	28.9219	11.2903	18	57	
3	3.25	1	9	3	3	32	1410	34	1460	0.00471429	0	0.00471429	0.00471429	42.9412	24.8461	18	73	
3	3.25	1	10	9	3	58	2007	59	2033	0.00471429	0	0.00471429	0.00471429	34.4576	14.4763	18	73	
3.25	3.5	1	2	10	3	13	242	13	242	0.00471429	0	0.00471429	0.00471429	18.6154	2.2188	18	26	
3.25	3.5	1	3	15	3	16	404	16	404	0.00471429	0	0.00471429	0.00471429	25.25	4.12311	18	32	
3.25	3.5	1	4	1	3	4	96	6	140	0.00471429	0	0.00471429	0.00471429	23.3333	4.13118	18	26	
3.25	3.5	1	5	4	3	23	462	26	516	0.00471429	0	0.00471429	0.00471429	19.8462	3.43735	18	26	
3.25	3.5	1	6	12	3	33	1113	36	1220	0.00471429	0	0.00471429	0.00471429	33.8889	16.1684	18	73	
3.25	3.5	1	7	2	3	62	1958	64	1963	0.00471429	0	0.00471429	0.00471429	30.6719	12.693	18	57	
3.25	3.5	1	8	11	3	40	1560	40	1560	0.00471429	0	0.00471429	0.00471429	39	20.1278	18	73	
3.25	3.5	1	9	3	3	64	2294	62	2180	0.00471429	0	0.00471429	0.00471429	35.1613	18.9202	18	93	
3.25	3.5	1	10	9	3	90	3246	87	3162	0.00471429	0	0.00471429	0.00471429	36.3448	17.3164	18	93	
3.5	3.75	1	2	10	3	10	180	10	180	0.00471429	0	0.00471429	0.00471429	18	0	18	18	
3.5	3.75	1	4	1	3	9	234	9	234	0.00471429	0	0.00471429	0.00471429	26	0	26	26	
3.5	3.75	1	5	4	3	24	536	24	536	0.00471429	0	0.00471429	0.00471429	22.3333	4.07182	18	26	
3.5	3.75	1	6	12	3	35	1223	33	1165	0.00471429	0	0.00471429	0.00471429	35.303	14.3755	18	57	
3.5	3.75	1	7	2	3	49	1496	50	1545	0.00471429	0	0.00471429	0.00471429	30.9	14.689	18	73	
3.5	3.75	1	8	11	3	37	1124	36	1098	0.00471429	0	0.00471429	0.00471429	30.5	11.0052	18	57	
3.5	3.75	1	9	3	3	108	4192	110	4306	0.00471429	0	0.00471429	0.00471429	39.1455	18.2681	18	93	
3.5	3.75	1	10	9	3	117	4163	117	4132	0.00471429	0	0.00471429	0.00471429	35.3162	16.9704	18	93	
3.75	4	1	3	15	3	21	538	21	538	0.00471429	0	0.00471429	0.00471429	25.619	4.45507	18	32	
3.75	4	1	6	12	3	27	664	29	722	0.00471429	0	0.00471429	0.00471429	24.8966	4.4589	18	32	
3.75	4	1	7	2	3	16	483	16	483	0.00471429	0	0.00471429	0.00471429	30.1875	7.00684	18	49	
3.75	4	1	8	11	3	62	2212	63	2238	0.00471429	0	0.00471429	0.00471429	35.5238	15.1422	18	93	
3.75	4	1	9	3	3	36	1165	36	1165	0.00471429	0	0.00471429	0.00471429	32.3611	16.5842	18	73	
3.75	4	1	10	9	3	75	2726	78	2841	0.00471429	0	0.00471429	0.00471429	36.4231	17.4486	18	73	
4	4.25	1	3	15	3	9	162	9	162	0.00471429	0	0.00471429	0.00471429	18	0	18	18	
4	4.25	1	4	1	3	14	402	14	402	0.00471429	0	0.00471429	0.00471429	28.7143	5.18027	18	32	
4	4.25	1	5	4	3	22	500	22	500	0.00471429	0	0.00471429	0.00471429	22.7273	5.67519	18	32	
4	4.25	1	7	2	3	50	1664	50	1664	0.00471429	0	0.00471429	0.00471429	33.28	17.0126	18	93	
4	4.25	1	8	11	3	63	2100	62	2074	0.00471429	0	0.00471429	0.00471429	33.4516	18.2888	18	93	
4	4.25	1	9	3	3	29	952	28	934	0.00471429	0	0.00471429	0.00471429	33.3571	16.5109	18	73	
4	4.25	1	10	9	3	56	2687	53	2617	0.00471429	0	0.00471429	0.00471429	49.3774	19.4197	18	93	
4.25	4.5	1	2	10	3	13	250	13	250	0.00471429	0	0.00471429	0.00471429	19.2308	3.00427	18	26	
4.25	4.5	1	3	15	3	12	240	9	162	0.00471429	0	0.00471429	0.00471429	18	0	18	18	
4.25	4.5	1	4	1	3	44	1027	44	1027	0.00471429	0	0.00471429	0.00471429	23.3409	9.85463	18	57	
4.25	4.5	1	5	4	3	52	1308	49	1232	0.00471429	0	0.00471429	0.00471429	25.1429	7.76477	18	57	
4.25	4.5	1	6	12	3	64	2004	62	1968	0.00471429	0	0.00471429	0.00471429	31.7419	11.9314	18	57	
4.25	4.5	1	7	2	3	21	619	21	619	0.00471429	0	0.00471429	0.00471429	29.4762	8.57099	18	49	
4.25	4.5	1	8	11	3	64	2115	64	2123	0.00471429	0	0.00471429	0.00471429	33.1719	21.7814	18	93	
4.25	4.5	1	9	3	3	45	1401	46	1419	0.00471429	0	0.00471429	0.00471429	30.8478	11.1075	18	57	
4.25	4.5	1	10	9	3	75	2716	75	2567	0.00471429	0	0.00471429	0.00471429	34.2267	15.6952	18	73	
4.5	4.75	1	2	10	3	11	270	11	270	0.00471429	0	0.00471429	0.00471429	24.5455	3.23616	18	26	
4.5	4.75	1	3	15	3	5	130	8	208	0.00471429	0	0.00471429	0.00471429	26	0	26	26	
4.5	4.75	1	5	4	3	48	1227	51	1303	0.00471429	0	0.00471429	0.00471429	25.549	12.2626	18	73	
4.5	4.75	1	6	12	3	54	1719	55	1723	0.00471429	0	0.00471429	0.00471429	31.3273	12.2672	18	57	
4.5	4.75	1	7	2	3	44	1488	44	1488	0.00471429	0	0.00471429	0.00471429	33.8182	17.0393	18	93	
4.5	4.75	1	8	11	3	100	3331	100	3323	0.00471429	0	0.00471429	0.00471429	33.23	12.7151	18	73	
4.5	4.75	1	9	3	3	64	2396	62	2321	0.00471429	0	0.00471429	0.00471429	37.4355	17.9276	18	93	
4.5	4.75	1	10	9	3	76	2419	77	2549	0.00471429	0	0.00471429	0.00471429	33.1039	16.3293	18	73	
4.75	5	1	3	15	3	18	356	18	356	0.00471429	0	0.00471429	0.00471429	19.7778	3.42234	18	26	
4.75	5	1	4	1	3	10	292	10	292	0.00471429	0	0.00471429	0.00471429	29.2	5.90292	18	32	
4.75	5	1	5	4	3	18	409	16	365	0.00471429	0	0.00471429	0.00471429	22.8125	10.1273	18	57	
4.75	5	1	6	12	3	42	1129	42	1135	0.00471429	0	0.00471429	0.00471429	27.0238	8.80545	18	49	
4.75	5	1	7	2	3	81	1950	79	1892	0.00471429	0	0.00471429	0.00471429	23.9494	7.7953	18	49	
4.75	5	1	8	11	3	88	3102	87	3084	0.00471429	0	0.00471429	0.00471429	35.4483	14.741	18	73	
4.75	5	1	9	3	3	121	4763	123	4838	0.00471429	0	0.00471429	0.00471429	39.3333	19.648	18	93	
4.75	5	1	10	9	3	47	1876	49	1965	0.00471429	0	0.00471429	0.00471429	40.102	17.6933	18	93	
5	5.25	1	3	15	3	22	436	22	436	0.00471429	0	0.00471429	0.00471429	19.8182	3.43146	18	26	
5	5.25	1	5	4	3	50	1396	52	1440	0.00471429	0	0.00471429	0.00471429	27.6923	12.7979	18	57	
5	5.25	1	6	12	3	25	606	26	632	0.00471429	0	0.00471429	0.00471429	24.3077	4.22156	18	32	
5	5.25	1	7	2	3	23	697	25	755	0.00471429	0	0.00471429	0.00471429	30.2	12.1963	18	73	
5	5.25	1	8	11	3	59	1641	61	1685	0.00471429	0	0.00471429	0.00471429	27.623	11.9891	18	57	
5	5.25	1	9	3	3	22	690	22	690	0.00471429	0	0.00471429	0.00471429	31.3636	10.2332	18	49	
5	5.25	1	10	9	3	66	2510	64	2466	0.00471429	0	0.00471429	0.00471429	38.5313	16.8193	18	93	
5.25	5.5	1	3	15	3	9	162	9	162	0.00471429	0	0.00471429	0.00471429	18	0	18	18	
5.25	5.5	1	4	1	3	20	517	19	491	0.00471429	0	0.00471429	0.00471429	25.8421	6.75165	18	49	
5.25	5.5	1	5	4	3	29	883	27	802	0.00471429	0	0.00471429	0.00471429	29.7037	8.80915	18	49	
5.25	5.5	1	6	12	3	33	866	33	866	0.00471429	0	0.00471429	0.00471429	26.2424	5.42581	18	32	
5.25	5.5	1	7	2	3	49	1741	49	1741	0.00471429	0	0.00471429	0.00471429	35.5306	15.2043	18	73	
5.25	5.5	1	8	11	3	52	2068	50	2024	0.00471429	0	0.00471429	0.00471429	40.48	19.5774	18	93	
5.25	5.5	1	9	3	3	65	2160	64	2128	0.00471429	0	0.00471429	0.00471429	33.25	13.6195	18	57	
5.25	5.5	1	10	9	3	74	2325	75	2343	0.00471429	0	0.00471429	0.00471429	31.24	12.6778	18	73	
5.5	5.75	1	4	1	3	38	966	39	992	0.00471429	0	0.00471429	0.00471429	25.4359	6.12069	18	32	
5.5	5.75	1	5	4	3	17	454	19	535	0.00471429	0	0.00471429	0.00471429	28.1579	7.01002	18	49	
5.5	5.75	1	6	12	3	27	770	27	770	0.00471429	0	0.00471429	0.00471429	28.5185	14.898	18	93	
5.5	5.75	1	7	2	3	8	256	8	256	0.00471429	0	0.00471429	0.00471429	32	0	32	32	
5.5	5.75	1	8	11	3	8	188	10	232	0.00471429	0	0.00471429	0.00471429	23.2	5.90292	18	32	
5.5	5.75	1	9	3	3	57	2095	58	2127	0.00471429	0	0.00471429	0.00471429	36.6724	16.0212	18	93	
5.5	5.75	1	10	9	3	98	3708	97	3690	0.00471429	0	0.00471429	0.00471429	38.0412	21.5174	18	113	
5.75	6	1	4	1	3	11	446	11	446	0.00471429	0	0.00471429	0.00471429	40.5455	14.4801	18	49	
5.75	6	1	5	4	3	43	1159	43	1159	0.00471429	0	0.00471429	0.00471429	26.9535	10.4766	18	57	
5.75	6	1	6	12	3	28	843	26	768	0.00471429	0	0.00471429	0.00471429	29.5385	14.6157	18	73	
5.75	6	1	7	2	3	24	638	24	638	0.00471429	0	0.00471429	0.00471429	26.5833	6.50028	18	32	
5.75	6	1	8	11	3	56	2086	56	2086	0.00471429	0	0.00471429	0.00471429	37.25	17.3092	18	93	
5.75	6	1	9	3	3	112	4251	111	4233	0.00471429	0	0.00471429	0.00471429	38.1351	19.128	18	93	
5.75	6	1	10	9	3	132	5315	131	5275	0.00471429	0	0.00471429	0.00471429	40.2672	16.8769	18	93	
6	6.25	1	3	15	3	15	350	15	350	0.00471429	0	0.00471429	0.00471429	23.3333	3.9036	18	26	
6	6.25	1	4	1	3	5	160	2	64	0.00471429	0	0.00471429	0.00471429	32	0	32	32	
6	6.25	1	5	4	3	60	1700	60	1700	0.00471429	0	0.00471429	0.00471429	28.3333	14.0443	18	73	
6	6.25	1	6	12	3	76	2184	78	2259	0.00471429	0	0.00471429	0.00471429	28.9615	13.1785	18	73	
6	6.25	1	7	2	3	4	104	1	26	0.00471429	0	0.00471429	0.00471429	26	0	26	26	
6	6.25	1	8	11	3	65	2074	65	2074	0.00471429	0	0.00471429	0.00471429	31.9077	11.8976	18	57	
6	6.25	1	9	3	3	69	2044	67	1966	0.00471429	0	0.00471429	0.00471429	29.3433	12.0963	18	57	
6	6.25	1	10	9	3	36	1227	39	1311	0.00471429	0	0.00471429	0.00471429	33.6154	16.4774	18	73	
6.25	6.5	1	2	10	3	15	350	15	350	0.00471429	0	0.00471429	0.00471429	23.3333	3.9036	18	26	
6.25	6.5	1	3	15	3	18	340	18	340	0.00471429	0	0.00471429	0.00471429	18.8889	2.58705	18	26	
6.25	6.5	1	4	1	3	22	532	25	628	0.00471429	0	0.00471429	0.00471429	25.12	6.71019	18	32	
6.25	6.5	1	5	4	3	15	286	15	286	0.00471429	0	0.00471429	0.00471429	19.0667	2.81493	18	26	
6.25	6.5	1	6	12	3	63	1907	63	1907	0.00471429	0	0.00471429	0.00471429	30.2698	12.5354	18	73	
6.25	6.5	1	7	2	3	79	2337	79	2325	0.00471429	0	0.00471429	0.00471429	29.4304	13.8274	18	73	
6.25	6.5	1	8	11	3	50	1762	50	1762	0.00471429	0	0.00471429	0.00471429	35.24	13.4416	18	57	
6.25	6.5	1	9	3	3	76	2761	77	2790	0.00471429	0	0.00471429	0.00471429	36.2338	14.7959	18	93	
6.25	6.5	1	10	9	3	79	2329	79	2329	0.00471429	0	0.00471429	0.00471429	29.481	11.7755	18	73	
6.5	6.75	1	2	10	3	15	342	15	342	0.00471429	0	0.00471429	0.00471429	22.8	4.05674	18	26	
6.5	6.75	1	3	15	3	22	452	22	452	0.00471429	0	0.00471429	0.00471429	20.5455	3.81385	18	26	
6.5	6.75	1	4	1	3	46	1337	46	1337	0.00471429	0	0.00471429	0.00471429	29.0652	10.3288	18	73	
6.5	6.75	1	5	4	3	13	272	11	220	0.00471429	0	0.00471429	0.00471429	20	4.64758	18	32	
6.5	6.75	1	6	12	3	14	408	11	340	0.00471429	0	0.00471429	0.00471429	30.9091	13.1183	18	57	
6.5	6.75	1	7	2	3	80	2675	83	2765	0.00471429	0	0.00471429	0.00471429	33.3133	15.5021	18	73	
6.5	6.75	1	8	11	3	68	2695	65	2533	0.00471429	0	0.00471429	0.00471429	38.9692	21.1645	18	93	
6.5	6.75	1	9	3	3	41	1646	41	1669	0.00471429	0	0.00471429	0.00471429	40.7073	20.5381	18	93	
6.5	6.75	1	10	9	3	53	1709	51	1659	0.00471429	0	0.00471429	0.00471429	32.5294	14.1723	18	73	
6.75	7	1	4	1	3	19	514	19	514	0.00471429	0	0.00471429	0.00471429	27.0526	6.05047	18	32	
6.75	7	1	5	4	3	11	288	13	340	0.00471429	0	0.00471429	0.00471429	26.1538	4.43182	18	32	
6.75	7	1	6	12	3	78	2461	81	2529	0.00471429	0	0.00471429	0.00471429	31.2222	15.1394	18	73	
6.75	7	1	7	2	3	30	988	30	988	0.00471429	0	0.00471429	0.00471429	32.9333	14.7717	18	73	
6.75	7	1	8	11	3	70	2223	73	2385	0.00471429	0	0.00471429	0.00471429	32.6712	14.7423	18	93	
6.75	7	1	9	3	3	50	1543	52	1587	0.00471429	0	0.00471429	0.00471429	30.5192	13.0467	18	73	
6.75	7	1	10	9	3	81	2764	83	2814	0.00471429	0	0.00471429	0.00471429	33.9036	15.0864	18	73	
7	7.25	1	3	15	3	8	144	8	144	0.00471429	0	0.00471429	0.00471429	18	0	18	18	
7	7.25	1	4	1	3	17	330	17	330	0.00471429	0	0.00471429	0.00471429	19.4118	3.14362	18	26	
7	7.25	1	5	4	3	50	1436	50	1436	0.00471429	0	0.00471429	0.00471429	28.72	12.1656	18	57	
7	7.25	1	7	2	3	18	583	18	583	0.00471429	0	0.00471429	0.00471429	32.3889	10.5615	26	57	
7	7.25	1	8	11	3	24	719	22	669	0.00471429	0	0.00471429	0.00471429	30.4091	6.05262	18	49	
7	7.25	1	9	3	3	95	3566	93	3491	0.00471429	0	0.00471429	0.00471429	37.5376	19.923	18	93	
7	7.25	1	10	9	3	6	197	6	197	0.00471429	0	0.00471429	0.00471429	32.8333	8.44788	26	49	
7.25	7.5	1	2	10	3	12	216	12	216	0.00471429	0	0.00471429	0.00471429	18	0	18	18	
7.25	7.5	1	4	1	3	31	662	31	662	0.00471429	0	0.00471429	0.00471429	21.3548	4.01288	18	26	
7.25	7.5	1	6	12	3	15	584	15	584	0.00471429	0	0.00471429	0.00471429	38.9333	11.6341	18	49	
7.25	7.5	1	7	2	3	63	2211	62	2179	0.00471429	0	0.00471429	0.00471429	35.1452	13.7302	18	73	
7.25	7.5	1	8	11	3	59	1902	61	1952	0.00471429	0	0.00471429	0.00471429	32	12.7253	18	73	
7.25	7.5	1	9	3	3	78	3162	80	3237	0.00471429	0	0.00471429	0.00471429	40.4625	20.6655	18	93	
7.5	7.75	1	4	1	3	17	306	17	306	0.00471429	0	0.00471429	0.00471429	18	0	18	18	
7.5	7.75	1	6	12	3	67	2134	66	2077	0.00471429	0	0.00471429	0.00471429	31.4697	11.9746	18	57	
7.5	7.75	1	7	2	3	67	2152	68	2184	0.00471429	0	0.00471429	0.00471429	32.1176	17.043	18	93	
7.5	7.75	1	8	11	3	29	903	27	822	0.00471429	0	0.00471429	0.00471429	30.4444	8.4641	18	49	
7.5	7.75	1	10	9	3	40	1275	38	1217	0.00471429	0	0.00471429	0.00471429	32.0263	12.1199	18	57	
7.75	8	1	3	15	3	24	653	24	653	0.00471429	0	0.00471429	0.00471429	27.2083	7.22904	18	49	
7.75	8	1	4	1	3	10	180	10	180	0.00471429	0	0.00471429	0.00471429	18	0	18	18	
7.75	8	1	6	12	3	1	32	2	89	0.00471429	0	0.00471429	0.00471429	44.5	17.6777	32	57	
7.75	8	1	7	2	3	14	452	14	452	0.00471429	0	0.00471429	0.00471429	32.2857	7.63019	26	49	
7.75	8	1	8	11	3	18	778	20	859	0.00471429	0	0.00471429	0.00471429	42.95	21.8499	18	93	
7.75	8	1	9	3	3	85	3789	84	3757	0.00471429	0	0.00471429	0.00471429	44.7262	23.3359	18	93	
7.75	8	1	10	9	3	60	2249	62	2307	0.00471429	0	0.00471429	0.00471429	37.2097	19.9599	18	93	
8	8.25	1	2	10	3	11	214	11	214	0.00471429	0	0.00471429	0.00471429	19.4545	3.23616	18	26	
8	8.25	1	4	1	3	16	460	16	460	0.00471429	0	0.00471429	0.00471429	28.75	4.94638	18	32	
8	8.25	1	5	4	3	26	681	26	681	0.00471429	0	0.00471429	0.00471429	26.1923	7.55788	18	49	
8	8.25	1	6	12	3	36	980	36	980	0.00471429	0	0.00471429	0.00471429	27.2222	8.05733	18	57	
8	8.25	1	7	2	3	11	318	11	318	0.00471429	0	0.00471429	0.00471429	28.9091	5.68251	18	32	
8	8.25	1	9	3	3	81	2999	81	3013	0.00471429	0	0.00471429	0.00471429	37.1975	20.7957	18	121	
8	8.25	1	10	9	3	20	549	20	549	0.00471429	0	0.00471429	0.00471429	27.45	11.9141	18	57	
8.25	8.5	1	2	10	3	8	144	8	144	0.00471429	0	0.00471429	0.00471429	18	0	18	18	
8.25	8.5	1	3	15	3	22	504	19	450	0.00471429	0	0.00471429	0.00471429	23.6842	4.81955	18	32	
8.25	8.5	1	4	1	3	10	188	10	188	0.00471429	0	0.00471429	0.00471429	18.8	2.52982	18	26	
8.25	8.5	1	5	4	3	21	634	19	536	0.00471429	0	0.00471429	0.00471429	28.2105	8.04556	18	49	
8.25	8.5	1	6	12	3	44	1498	41	1402	0.00471429	0	0.00471429	0.00471429	34.1951	15.022	18	73	
8.25	8.5	1	8	11	3	45	1508	44	1482	0.00471429	0	0.00471429	0.00471429	33.6818	17.0345	18	73	
8.25	8.5	1	9	3	3	114	3607	112	3549	0.00471429	0	0.00471429	0.00471429	31.6875	14.0911	18	73	
8.25	8.5	1	10	9	3	41	1478	38	1400	0.00471429	0	0.00471429	0.00471429	36.8421	16.3831	18	73	
8.5	8.75	1	3	15	3	18	324	21	378	0.00471429	0	0.00471429	0.00471429	18	0	18	18	
8.5	8.75	1	4	1	3	12	216	12	216	0.00471429	0	0.00471429	0.00471429	18	0	18	18	
8.5	8.75	1	5	4	3	18	534	20	632	0.00471429	0	0.00471429	0.00471429	31.6	12.9265	18	49	
8.5	8.75	1	6	12	3	84	2249	86	2327	0.00471429	0	0.00471429	0.00471429	27.0581	9.02983	18	57	
8.5	8.75	1	7	2	3	59	1790	58	1764	0.00471429	0	0.00471429	0.00471429	30.4138	11.9957	18	57	
8.5	8.75	1	8	11	3	45	1853	45	1822	0.00471429	0	0.00471429	0.00471429	40.4889	16.4657	18	73	
8.5	8.75	1	9	3	3	113	4460	115	4510	0.00471429	0	0.00471429	0.00471429	39.2174	19.7585	18	93	
8.5	8.75	1	10	9	3	73	2921	76	2999	0.00471429	0	0.00471429	0.00471429	39.4605	18.4495	18	93	
8.75	9	1	1	16	3	8	144	8	144	0.00471429	0	0.00471429	0.00471429	18	0	18	18	
8.75	9	1	5	4	3	13	272	13	272	0.00471429	0	0.00471429	0.00471429	20.9231	4.80384	18	32	
8.75	9	1	6	12	3	22	530	20	452	0.00471429	0	0.00471429	0.00471429	22.6	6.55664	18	32	
8.75	9	1	7	2	3	97	2987	95	2914	0.00471429	0	0.00471429	0.00471429	30.6737	12.2921	18	73	
8.75	9	1	8	11	3	57	1822	57	1853	0.00471429	0	0.00471429	0.00471429	32.5088	11.6222	18	57	
8.75	9	1	9	3	3	9	391	10	417	0.00471429	0	0.00471429	0.00471429	41.7	22.0356	18	73	
8.75	9	1	10	9	3	76	2790	74	2738	0.00471429	0	0.00471429	0.00471429	37	19.315	18	93	
9	9.25	1	2	10	3	15	336	15	336	0.00471429	0	0.00471429	0.00471429	22.4	5.91366	18	32	
9	9.25	1	6	12	3	44	1169	47	1265	0.00471429	0	0.00471429	0.00471429	26.9149	6.88044	18	49	
9	9.25	1	7	2	3	81	2481	83	2562	0.00471429	0	0.00471429	0.00471429	30.8675	10.6985	18	57	
9	9.25	1	8	11	3	53	1741	53	1749	0.00471429	0	0.00471429	0.00471429	33	11.9035	18	57	
9	9.25	1	9	3	3	44	2047	43	2015	0.00471429	0	0.00471429	0.00471429	46.8605	34.6318	18	113	
9	9.25	1	10	9	3	86	2973	87	2999	0.00471429	0	0.00471429	0.00471429	34.4713	15.7951	18	73	
9.25	9.5	1	2	10	3	14	324	14	324	0.00471429	0	0.00471429	0.00471429	23.1429	6.45526	18	32	
9.25	9.5	1	4	1	3	41	1007	40	958	0.00471429	0	0.00471429	0.00471429	23.95	3.82937	18	32	
9.25	9.5	1	5	4	3	29	824	27	780	0.00471429	0	0.00471429	0.00471429	28.8889	7.80697	18	49	
9.25	9.5	1	6	12	3	47	1365	47	1365	0.00471429	0	0.00471429	0.00471429	29.0426	11.4131	18	57	
9.25	9.5	1	7	2	3	39	1466	39	1458	0.00471429	0	0.00471429	0.00471429	37.3846	29.0631	18	93	
9.25	9.5	1	8	11	3	59	2023	58	1977	0.00471429	0	0.00471429	0.00471429	34.0862	14.6841	18	57	
9.25	9.5	1	9	3	3	75	3574	74	3476	0.00471429	0	0.00471429	0.00471429	46.973	23.9411	18	93	
9.25	9.5	1	10	9	3	35	1349	36	1375	0.00471429	0	0.00471429	0.00471429	38.1944	19.9983	18	73	
9.5	9.75	1	5	4	3	57	1508	59	1552	0.00471429	0	0.00471429	0.00471429	26.3051	9.09766	18	49	
9.5	9.75	1	7	2	3	13	459	14	485	0.00471429	0	0.00471429	0.00471429	34.6429	16.4252	18	73	
9.5	9.75	1	8	11	3	66	1873	68	1937	0.00471429	0	0.00471429	0.00471429	28.4853	11.0798	18	57	
9.5	9.75	1	9	3	3	67	2060	69	2190	0.00471429	0	0.00471429	0.00471429	31.7391	13.7687	18	73	
9.75	10	1	4	1	3	41	1030	41	1030	0.00471429	0	0.00471429	0.00471429	25.122	5.98413	18	32	
9.75	10	1	5	4	3	24	687	24	687	0.00471429	0	0.00471429	0.00471429	28.625	9.81929	18	57	
9.75	10	1	6	12	3	66	1759	63	1683	0.00471429	0	0.00471429	0.00471429	26.7143	10.1734	18	57	
9.75	10	1	8	11	3	81	2459	78	2383	0.00471429	0	0.00471429	0.00471429	30.5513	15.742	18	73	
9.75	10	1	9	3	3	41	1558	40	1526	0.00471429	0	0.00471429	0.00471429	38.15	16.8288	18	73	
9.75	10	1	10	9	3	117	5066	114	4894	0.00471429	0	0.00471429	0.00471429	42.9298	20.1984	18	93	
