% time	cellId	IMSI	RNTI	layer	mcs	size	rv	ndi
32	1	5	4	0	0	19	0	1
32	1	7	2	0	0	19	0	1
32	1	9	3	0	0	19	0	1
32	1	4	1	0	0	19	0	1
33	1	5	4	0	0	19	0	1
33	1	7	2	0	0	19	0	1
33	1	9	3	0	0	19	0	1
33	1	4	1	0	0	19	0	1
34	1	5	4	0	0	19	0	1
34	1	7	2	0	0	19	0	1
34	1	9	3	0	0	19	0	1
34	1	4	1	0	0	19	0	1
35	1	7	2	0	0	19	0	1
35	1	4	1	0	0	19	0	1
36	1	5	4	0	0	19	0	1
36	1	7	2	0	0	19	0	1
36	1	9	3	0	0	19	0	1
36	1	4	1	0	0	19	0	1
37	1	5	4	0	0	7	0	1
37	1	6	12	0	0	7	0	1
37	1	7	2	0	0	7	0	1
37	1	8	11	0	0	7	0	1
37	1	9	3	0	0	7	0	1
37	1	4	1	0	0	7	0	1
37	1	2	10	0	0	7	0	1
37	1	10	9	0	0	7	0	1
38	1	5	4	0	0	7	0	1
38	1	6	12	0	0	7	0	1
38	1	7	2	0	0	7	0	1
38	1	8	11	0	0	7	0	1
38	1	9	3	0	0	7	0	1
38	1	4	1	0	0	7	0	1
38	1	2	10	0	0	7	0	1
38	1	10	9	0	0	7	0	1
39	1	5	4	0	2	18	0	1
39	1	6	12	0	0	7	0	1
39	1	7	2	0	0	7	0	1
39	1	8	11	0	0	7	0	1
39	1	9	3	0	2	18	0	1
39	1	2	10	0	0	7	0	1
39	1	10	9	0	0	7	0	1
40	1	5	4	0	2	18	0	1
40	1	6	12	0	0	7	0	1
40	1	7	2	0	0	7	0	1
40	1	8	11	0	0	7	0	1
40	1	9	3	0	2	18	0	1
40	1	2	10	0	0	7	0	1
40	1	10	9	0	0	7	0	1
41	1	5	4	0	2	18	0	1
41	1	6	12	0	0	7	0	1
41	1	7	2	0	0	7	0	1
41	1	8	11	0	0	7	0	1
41	1	9	3	0	2	18	0	1
41	1	2	10	0	0	7	0	1
41	1	10	9	0	0	7	0	1
42	1	5	4	0	2	18	0	1
42	1	6	12	0	0	7	0	1
42	1	8	11	0	0	7	0	1
42	1	9	3	0	2	18	0	1
42	1	2	10	0	0	7	0	1
42	1	10	9	0	0	7	0	1
43	1	5	4	0	2	18	0	1
43	1	6	12	0	0	7	0	1
43	1	8	11	0	0	7	0	1
43	1	9	3	0	4	26	0	1
43	1	2	10	0	0	7	0	1
43	1	10	9	0	0	7	0	1
44	1	6	12	0	0	7	0	1
44	1	7	2	0	4	26	0	1
44	1	8	11	0	0	7	0	1
44	1	9	3	0	2	18	0	1
44	1	2	10	0	0	7	0	1
44	1	10	9	0	0	7	0	1
45	1	5	4	0	0	7	0	1
45	1	7	2	0	4	26	0	1
45	1	9	3	0	0	7	0	1
45	1	2	10	0	0	7	0	1
45	1	10	9	0	0	7	0	1
46	1	9	3	0	2	18	0	1
46	1	4	1	0	4	26	0	1
48	1	5	4	0	0	7	0	1
48	1	9	3	0	2	18	0	1
49	1	7	2	0	4	26	0	1
49	1	9	3	0	2	18	0	1
50	1	5	4	0	0	7	0	1
50	1	7	2	0	4	26	0	1
50	1	9	3	0	0	7	0	1
51	1	9	3	0	2	18	0	1
51	1	4	1	0	4	26	0	1
55	1	7	2	0	0	7	0	1
56	1	9	3	0	0	7	0	1
56	1	4	1	0	4	26	0	1
58	1	9	3	0	2	18	0	1
61	1	9	3	0	4	26	0	1
63	1	9	3	0	2	18	0	1
66	1	4	1	0	2	18	0	1
71	1	9	3	0	8	49	0	1
71	1	4	1	0	2	18	0	1
73	1	9	3	0	10	57	0	1
76	1	9	3	0	8	49	0	1
78	1	9	3	0	10	57	0	1
81	1	9	3	0	2	18	0	1
81	1	4	1	0	0	7	0	1
83	1	9	3	0	4	26	0	1
86	1	4	1	0	0	7	0	1
88	1	9	3	0	8	49	0	1
91	1	9	3	0	4	26	0	1
93	1	9	3	0	2	18	0	1
96	1	9	3	0	4	26	0	1
98	1	9	3	0	0	7	0	1
101	1	9	3	0	2	18	0	1
169	1	9	3	0	4	26	0	1
170	1	5	4	0	6	32	0	1
170	1	4	1	0	0	7	0	1
171	1	4	1	0	2	18	0	1
173	1	9	3	0	0	7	0	1
174	1	9	3	0	4	26	0	1
175	1	5	4	0	6	32	0	1
175	1	4	1	0	0	7	0	1
176	1	4	1	0	2	18	0	1
178	1	9	3	0	0	7	0	1
178	1	10	9	0	4	26	0	1
179	1	8	11	0	0	7	0	1
179	1	9	3	0	4	26	0	1
180	1	2	10	0	0	7	0	1
181	1	6	12	0	4	26	0	1
181	1	8	11	0	2	18	0	1
181	1	4	1	0	2	18	0	1
182	1	3	15	0	2	18	0	1
183	1	9	3	0	0	7	0	1
183	1	10	9	0	4	26	0	1
184	1	8	11	0	0	7	0	1
185	1	2	10	0	0	7	0	1
186	1	6	12	0	4	26	0	1
186	1	8	11	0	2	18	0	1
187	1	3	15	0	2	18	0	1
188	1	10	9	0	6	32	0	1
189	1	9	3	0	4	26	0	1
190	1	2	10	0	0	7	0	1
192	1	3	15	0	0	7	0	1
194	1	9	3	0	4	26	0	1
195	1	2	10	0	0	7	0	1
196	1	6	12	0	2	18	0	1
198	1	10	9	0	4	26	0	1
199	1	9	3	0	2	18	0	1
200	1	2	10	0	0	7	0	1
201	1	6	12	0	2	18	0	1
203	1	10	9	0	4	26	0	1
204	1	9	3	0	2	18	0	1
205	1	2	10	0	0	7	0	1
208	1	10	9	0	8	49	0	1
210	1	2	10	0	0	7	0	1
214	1	9	3	0	2	18	0	1
215	1	2	10	0	0	7	0	1
218	1	10	9	0	6	32	0	1
219	1	9	3	0	2	18	0	1
220	1	2	10	0	0	7	0	1
223	1	10	9	0	6	32	0	1
225	1	2	10	0	0	7	0	1
229	1	9	3	0	4	26	0	1
230	1	2	10	0	0	7	0	1
234	1	9	3	0	4	26	0	1
235	1	2	10	0	0	7	0	1
240	1	2	10	0	0	7	0	1
245	1	2	10	0	0	7	0	1
250	1	2	10	0	0	7	0	1
255	1	2	10	0	0	7	0	1
260	1	2	10	0	0	7	0	1
265	1	2	10	0	0	7	0	1
270	1	2	10	0	0	7	0	1
275	1	2	10	0	0	7	0	1
280	1	2	10	0	0	7	0	1
285	1	2	10	0	0	7	0	1
290	1	2	10	0	0	7	0	1
295	1	2	10	0	0	7	0	1
300	1	2	10	0	0	7	0	1
305	1	2	10	0	0	7	0	1
310	1	2	10	0	0	7	0	1
315	1	2	10	0	0	7	0	1
320	1	2	10	0	0	7	0	1
325	1	2	10	0	0	7	0	1
327	1	4	1	0	0	7	0	1
329	1	7	2	0	2	18	0	1
329	1	9	3	0	2	18	0	1
330	1	5	4	0	0	7	0	1
330	1	7	2	0	4	26	0	1
330	1	9	3	0	6	32	0	1
330	1	2	10	0	0	7	0	1
331	1	5	4	0	0	7	0	1
331	1	7	2	0	2	18	0	1
331	1	9	3	0	6	32	0	1
331	1	4	1	0	0	7	0	1
332	1	7	2	0	2	18	0	1
332	1	4	1	0	0	7	0	1
333	1	5	4	0	0	7	0	1
333	1	9	3	0	4	26	0	1
334	1	7	2	0	2	18	0	1
334	1	9	3	0	2	18	0	1
335	1	5	4	0	0	7	0	1
335	1	7	2	0	4	26	0	1
335	1	9	3	0	6	32	0	1
335	1	2	10	0	0	7	0	1
336	1	5	4	0	0	7	0	1
336	1	7	2	0	2	18	0	1
336	1	9	3	0	6	32	0	1
336	1	4	1	0	0	7	0	1
337	1	7	2	0	2	18	0	1
337	1	8	11	0	0	7	0	1
337	1	4	1	0	0	7	0	1
338	1	5	4	0	0	7	0	1
338	1	8	11	0	0	7	0	1
338	1	9	3	0	4	26	0	1
338	1	10	9	0	2	18	0	1
339	1	7	2	0	4	26	0	1
339	1	8	11	0	2	18	0	1
340	1	7	2	0	0	7	0	1
341	1	8	11	0	4	26	0	1
341	1	9	3	0	0	7	0	1
342	1	7	2	0	0	7	0	1
342	1	8	11	0	0	7	0	1
342	1	3	15	0	2	18	0	1
343	1	8	11	0	0	7	0	1
343	1	9	3	0	2	18	0	1
343	1	10	9	0	2	18	0	1
344	1	7	2	0	0	7	0	1
344	1	8	11	0	2	18	0	1
344	1	9	3	0	0	7	0	1
346	1	7	2	0	6	32	0	1
346	1	8	11	0	4	26	0	1
347	1	3	15	0	2	18	0	1
348	1	9	3	0	2	18	0	1
348	1	10	9	0	12	73	0	1
349	1	9	3	0	0	7	0	1
351	1	7	2	0	6	32	0	1
351	1	8	11	0	4	26	0	1
353	1	9	3	0	2	18	0	1
353	1	10	9	0	6	32	0	1
354	1	8	11	0	0	7	0	1
356	1	8	11	0	0	7	0	1
357	1	3	15	0	4	26	0	1
358	1	9	3	0	0	7	0	1
358	1	10	9	0	6	32	0	1
359	1	8	11	0	0	7	0	1
361	1	7	2	0	0	7	0	1
361	1	8	11	0	2	18	0	1
362	1	3	15	0	4	26	0	1
363	1	10	9	0	10	57	0	1
364	1	8	11	0	0	7	0	1
366	1	7	2	0	0	7	0	1
366	1	8	11	0	2	18	0	1
367	1	3	15	0	6	32	0	1
368	1	10	9	0	2	18	0	1
369	1	8	11	0	0	7	0	1
371	1	8	11	0	0	7	0	1
373	1	10	9	0	4	26	0	1
374	1	8	11	0	0	7	0	1
378	1	10	9	0	2	18	0	1
379	1	8	11	0	0	7	0	1
384	1	8	11	0	0	7	0	1
388	1	10	9	0	2	18	0	1
389	1	8	11	0	0	7	0	1
393	1	10	9	0	2	18	0	1
394	1	8	11	0	0	7	0	1
398	1	10	9	0	2	18	0	1
399	1	8	11	0	0	7	0	1
403	1	10	9	0	0	7	0	1
404	1	8	11	0	0	7	0	1
408	1	10	9	0	0	7	0	1
409	1	8	11	0	0	7	0	1
413	1	10	9	0	0	7	0	1
414	1	8	11	0	0	7	0	1
418	1	10	9	0	0	7	0	1
419	1	8	11	0	0	7	0	1
423	1	10	9	0	0	7	0	1
424	1	8	11	0	0	7	0	1
428	1	10	9	0	0	7	0	1
429	1	8	11	0	0	7	0	1
433	1	10	9	0	0	7	0	1
434	1	8	11	0	0	7	0	1
438	1	10	9	0	0	7	0	1
439	1	8	11	0	0	7	0	1
443	1	10	9	0	0	7	0	1
444	1	8	11	0	0	7	0	1
448	1	10	9	0	0	7	0	1
449	1	8	11	0	0	7	0	1
453	1	10	9	0	0	7	0	1
454	1	8	11	0	0	7	0	1
458	1	10	9	0	0	7	0	1
459	1	8	11	0	0	7	0	1
463	1	10	9	0	0	7	0	1
464	1	8	11	0	0	7	0	1
468	1	10	9	0	0	7	0	1
469	1	8	11	0	0	7	0	1
473	1	10	9	0	0	7	0	1
474	1	8	11	0	0	7	0	1
478	1	10	9	0	0	7	0	1
479	1	8	11	0	0	7	0	1
483	1	10	9	0	0	7	0	1
484	1	8	11	0	0	7	0	1
488	1	10	9	0	0	7	0	1
489	1	8	11	0	0	7	0	1
489	1	9	3	0	0	7	0	1
489	1	4	1	0	0	7	0	1
490	1	5	4	0	0	7	0	1
490	1	7	2	0	0	7	0	1
490	1	4	1	0	4	26	0	1
491	1	5	4	0	0	7	0	1
491	1	4	1	0	0	7	0	1
493	1	5	4	0	0	7	0	1
493	1	9	3	0	6	32	0	1
493	1	10	9	0	0	7	0	1
494	1	5	4	0	2	18	0	1
494	1	8	11	0	0	7	0	1
494	1	9	3	0	0	7	0	1
494	1	4	1	0	0	7	0	1
495	1	5	4	0	0	7	0	1
495	1	7	2	0	0	7	0	1
495	1	4	1	0	4	26	0	1
496	1	5	4	0	0	7	0	1
496	1	4	1	0	0	7	0	1
497	1	8	11	0	2	18	0	1
498	1	5	4	0	0	7	0	1
498	1	6	12	0	4	26	0	1
498	1	9	3	0	6	32	0	1
498	1	10	9	0	2	18	0	1
499	1	5	4	0	2	18	0	1
499	1	9	3	0	0	7	0	1
499	1	4	1	0	0	7	0	1
500	1	2	10	0	0	7	0	1
501	1	5	4	0	0	7	0	1
501	1	6	12	0	4	26	0	1
501	1	4	1	0	0	7	0	1
502	1	6	12	0	2	18	0	1
502	1	8	11	0	2	18	0	1
502	1	3	15	0	0	7	0	1
503	1	6	12	0	4	26	0	1
504	1	5	4	0	2	18	0	1
505	1	3	15	0	0	7	0	1
505	1	2	10	0	0	7	0	1
506	1	5	4	0	0	7	0	1
506	1	6	12	0	4	26	0	1
506	1	4	1	0	0	7	0	1
507	1	6	12	0	2	18	0	1
507	1	3	15	0	0	7	0	1
510	1	3	15	0	0	7	0	1
510	1	2	10	0	0	7	0	1
514	1	5	4	0	4	26	0	1
515	1	3	15	0	0	7	0	1
515	1	2	10	0	0	7	0	1
519	1	5	4	0	4	26	0	1
520	1	3	15	0	0	7	0	1
520	1	2	10	0	0	7	0	1
525	1	3	15	0	0	7	0	1
525	1	2	10	0	0	7	0	1
530	1	3	15	0	0	7	0	1
530	1	2	10	0	0	7	0	1
535	1	3	15	0	0	7	0	1
535	1	2	10	0	0	7	0	1
540	1	3	15	0	0	7	0	1
540	1	2	10	0	0	7	0	1
545	1	3	15	0	0	7	0	1
545	1	2	10	0	0	7	0	1
550	1	3	15	0	0	7	0	1
550	1	2	10	0	0	7	0	1
555	1	3	15	0	0	7	0	1
555	1	2	10	0	0	7	0	1
560	1	3	15	0	0	7	0	1
560	1	2	10	0	0	7	0	1
565	1	3	15	0	0	7	0	1
565	1	2	10	0	0	7	0	1
570	1	3	15	0	0	7	0	1
570	1	2	10	0	0	7	0	1
575	1	3	15	0	0	7	0	1
575	1	2	10	0	0	7	0	1
580	1	3	15	0	0	7	0	1
580	1	2	10	0	0	7	0	1
585	1	3	15	0	0	7	0	1
585	1	2	10	0	0	7	0	1
590	1	3	15	0	0	7	0	1
590	1	2	10	0	0	7	0	1
595	1	3	15	0	0	7	0	1
595	1	2	10	0	0	7	0	1
600	1	3	15	0	0	7	0	1
600	1	2	10	0	0	7	0	1
605	1	3	15	0	0	7	0	1
605	1	2	10	0	0	7	0	1
610	1	3	15	0	0	7	0	1
610	1	2	10	0	0	7	0	1
615	1	3	15	0	0	7	0	1
615	1	2	10	0	0	7	0	1
620	1	3	15	0	0	7	0	1
620	1	2	10	0	0	7	0	1
625	1	3	15	0	0	7	0	1
625	1	2	10	0	0	7	0	1
630	1	3	15	0	0	7	0	1
630	1	2	10	0	0	7	0	1
635	1	3	15	0	0	7	0	1
635	1	2	10	0	0	7	0	1
640	1	3	15	0	0	7	0	1
640	1	2	10	0	0	7	0	1
645	1	3	15	0	0	7	0	1
645	1	2	10	0	0	7	0	1
649	1	7	2	0	0	7	0	1
650	1	9	3	0	8	49	0	1
650	1	3	15	0	0	7	0	1
650	1	2	10	0	0	7	0	1
651	1	7	2	0	4	26	0	1
653	1	9	3	0	4	26	0	1
654	1	5	4	0	4	26	0	1
654	1	7	2	0	0	7	0	1
655	1	9	3	0	8	49	0	1
655	1	3	15	0	0	7	0	1
655	1	2	10	0	0	7	0	1
655	1	10	9	0	2	18	0	1
656	1	7	2	0	4	26	0	1
657	1	8	11	0	0	7	0	1
657	1	10	9	0	0	7	0	1
658	1	6	12	0	4	26	0	1
658	1	9	3	0	4	26	0	1
659	1	5	4	0	4	26	0	1
659	1	7	2	0	0	7	0	1
659	1	8	11	0	2	18	0	1
659	1	2	10	0	4	26	0	1
659	1	10	9	0	6	32	0	1
660	1	10	9	0	2	18	0	1
661	1	7	2	0	2	18	0	1
662	1	8	11	0	0	7	0	1
662	1	10	9	0	0	7	0	1
663	1	6	12	0	4	26	0	1
663	1	9	3	0	4	26	0	1
663	1	3	15	0	4	26	0	1
664	1	8	11	0	2	18	0	1
664	1	2	10	0	4	26	0	1
664	1	10	9	0	6	32	0	1
665	1	9	3	0	4	26	0	1
665	1	10	9	0	0	7	0	1
666	1	7	2	0	0	7	0	1
667	1	8	11	0	0	7	0	1
667	1	10	9	0	0	7	0	1
668	1	3	15	0	4	26	0	1
669	1	2	10	0	0	7	0	1
669	1	10	9	0	0	7	0	1
670	1	9	3	0	4	26	0	1
672	1	8	11	0	0	7	0	1
672	1	10	9	0	0	7	0	1
673	1	3	15	0	0	7	0	1
677	1	8	11	0	0	7	0	1
677	1	10	9	0	0	7	0	1
678	1	3	15	0	0	7	0	1
682	1	8	11	0	0	7	0	1
682	1	10	9	0	0	7	0	1
683	1	3	15	0	0	7	0	1
687	1	8	11	0	0	7	0	1
687	1	10	9	0	0	7	0	1
688	1	3	15	0	0	7	0	1
692	1	8	11	0	0	7	0	1
692	1	10	9	0	0	7	0	1
693	1	3	15	0	0	7	0	1
697	1	8	11	0	0	7	0	1
697	1	10	9	0	0	7	0	1
698	1	3	15	0	0	7	0	1
702	1	8	11	0	0	7	0	1
702	1	10	9	0	0	7	0	1
703	1	3	15	0	0	7	0	1
707	1	8	11	0	0	7	0	1
707	1	10	9	0	0	7	0	1
708	1	3	15	0	0	7	0	1
712	1	8	11	0	0	7	0	1
712	1	10	9	0	0	7	0	1
713	1	3	15	0	0	7	0	1
717	1	8	11	0	0	7	0	1
717	1	10	9	0	0	7	0	1
718	1	3	15	0	0	7	0	1
722	1	8	11	0	0	7	0	1
722	1	10	9	0	0	7	0	1
723	1	3	15	0	0	7	0	1
727	1	8	11	0	0	7	0	1
727	1	10	9	0	0	7	0	1
728	1	3	15	0	0	7	0	1
732	1	8	11	0	0	7	0	1
732	1	10	9	0	0	7	0	1
733	1	3	15	0	0	7	0	1
737	1	8	11	0	0	7	0	1
737	1	10	9	0	0	7	0	1
738	1	3	15	0	0	7	0	1
742	1	8	11	0	0	7	0	1
742	1	10	9	0	0	7	0	1
743	1	3	15	0	0	7	0	1
747	1	8	11	0	0	7	0	1
747	1	10	9	0	0	7	0	1
748	1	3	15	0	0	7	0	1
752	1	8	11	0	0	7	0	1
752	1	10	9	0	0	7	0	1
753	1	3	15	0	0	7	0	1
757	1	8	11	0	0	7	0	1
757	1	10	9	0	0	7	0	1
758	1	3	15	0	0	7	0	1
762	1	8	11	0	0	7	0	1
762	1	10	9	0	0	7	0	1
763	1	3	15	0	0	7	0	1
767	1	8	11	0	0	7	0	1
767	1	10	9	0	0	7	0	1
768	1	3	15	0	0	7	0	1
772	1	8	11	0	0	7	0	1
772	1	10	9	0	0	7	0	1
773	1	3	15	0	0	7	0	1
777	1	8	11	0	0	7	0	1
777	1	10	9	0	0	7	0	1
778	1	3	15	0	0	7	0	1
782	1	8	11	0	0	7	0	1
782	1	10	9	0	0	7	0	1
783	1	3	15	0	0	7	0	1
787	1	8	11	0	0	7	0	1
787	1	10	9	0	0	7	0	1
788	1	3	15	0	0	7	0	1
792	1	8	11	0	0	7	0	1
792	1	10	9	0	0	7	0	1
793	1	3	15	0	0	7	0	1
797	1	8	11	0	0	7	0	1
797	1	10	9	0	0	7	0	1
798	1	3	15	0	0	7	0	1
802	1	8	11	0	0	7	0	1
802	1	10	9	0	0	7	0	1
803	1	3	15	0	0	7	0	1
807	1	8	11	0	0	7	0	1
807	1	10	9	0	0	7	0	1
808	1	3	15	0	0	7	0	1
810	1	7	2	0	2	18	0	1
811	1	5	4	0	0	7	0	1
811	1	7	2	0	4	26	0	1
811	1	4	1	0	2	18	0	1
812	1	7	2	0	2	18	0	1
812	1	8	11	0	0	7	0	1
812	1	10	9	0	0	7	0	1
813	1	5	4	0	0	7	0	1
813	1	9	3	0	2	18	0	1
813	1	3	15	0	0	7	0	1
814	1	5	4	0	2	18	0	1
815	1	7	2	0	2	18	0	1
815	1	10	9	0	4	26	0	1
816	1	5	4	0	0	7	0	1
816	1	7	2	0	4	26	0	1
816	1	4	1	0	2	18	0	1
817	1	7	2	0	2	18	0	1
817	1	8	11	0	4	26	0	1
817	1	10	9	0	0	7	0	1
818	1	5	4	0	0	7	0	1
818	1	9	3	0	2	18	0	1
818	1	3	15	0	0	7	0	1
819	1	5	4	0	2	18	0	1
819	1	6	12	0	4	26	0	1
819	1	8	11	0	2	18	0	1
819	1	10	9	0	10	57	0	1
820	1	7	2	0	2	18	0	1
820	1	10	9	0	4	26	0	1
821	1	6	12	0	0	7	0	1
821	1	7	2	0	6	32	0	1
821	1	8	11	0	4	26	0	1
821	1	4	1	0	2	18	0	1
821	1	3	15	0	2	18	0	1
822	1	6	12	0	6	32	0	1
822	1	7	2	0	4	26	0	1
822	1	3	15	0	2	18	0	1
822	1	1	16	0	2	18	0	1
824	1	5	4	0	2	18	0	1
824	1	6	12	0	4	26	0	1
824	1	8	11	0	2	18	0	1
824	1	10	9	0	10	57	0	1
825	1	10	9	0	2	18	0	1
826	1	6	12	0	0	7	0	1
826	1	7	2	0	4	26	0	1
826	1	8	11	0	4	26	0	1
826	1	3	15	0	2	18	0	1
827	1	6	12	0	6	32	0	1
827	1	7	2	0	6	32	0	1
827	1	8	11	0	0	7	0	1
827	1	3	15	0	2	18	0	1
827	1	1	16	0	2	18	0	1
829	1	6	12	0	2	18	0	1
829	1	8	11	0	6	32	0	1
829	1	10	9	0	6	32	0	1
830	1	10	9	0	0	7	0	1
831	1	8	11	0	0	7	0	1
832	1	7	2	0	0	7	0	1
832	1	8	11	0	0	7	0	1
832	1	3	15	0	0	7	0	1
834	1	8	11	0	6	32	0	1
835	1	10	9	0	4	26	0	1
836	1	7	2	0	4	26	0	1
836	1	8	11	0	2	18	0	1
837	1	6	12	0	0	7	0	1
837	1	3	15	0	2	18	0	1
839	1	10	9	0	2	18	0	1
840	1	10	9	0	4	26	0	1
841	1	7	2	0	4	26	0	1
841	1	8	11	0	2	18	0	1
842	1	6	12	0	0	7	0	1
842	1	3	15	0	2	18	0	1
844	1	10	9	0	2	18	0	1
845	1	10	9	0	2	18	0	1
846	1	7	2	0	6	32	0	1
847	1	3	15	0	4	26	0	1
849	1	10	9	0	6	32	0	1
850	1	10	9	0	6	32	0	1
852	1	3	15	0	0	7	0	1
854	1	10	9	0	2	18	0	1
855	1	10	9	0	0	7	0	1
856	1	7	2	0	0	7	0	1
861	1	7	2	0	0	7	0	1
864	1	10	9	0	0	7	0	1
866	1	7	2	0	0	7	0	1
869	1	10	9	0	0	7	0	1
871	1	7	2	0	0	7	0	1
874	1	10	9	0	0	7	0	1
876	1	7	2	0	0	7	0	1
879	1	10	9	0	0	7	0	1
881	1	7	2	0	0	7	0	1
884	1	10	9	0	0	7	0	1
886	1	7	2	0	0	7	0	1
889	1	10	9	0	0	7	0	1
891	1	7	2	0	0	7	0	1
894	1	10	9	0	0	7	0	1
896	1	7	2	0	0	7	0	1
899	1	10	9	0	0	7	0	1
901	1	7	2	0	0	7	0	1
904	1	10	9	0	0	7	0	1
906	1	7	2	0	0	7	0	1
909	1	10	9	0	0	7	0	1
911	1	7	2	0	0	7	0	1
914	1	10	9	0	0	7	0	1
916	1	7	2	0	0	7	0	1
919	1	10	9	0	0	7	0	1
921	1	7	2	0	0	7	0	1
924	1	10	9	0	0	7	0	1
926	1	7	2	0	0	7	0	1
929	1	10	9	0	0	7	0	1
931	1	7	2	0	0	7	0	1
934	1	10	9	0	0	7	0	1
936	1	7	2	0	0	7	0	1
939	1	10	9	0	0	7	0	1
941	1	7	2	0	0	7	0	1
944	1	10	9	0	0	7	0	1
946	1	7	2	0	0	7	0	1
949	1	10	9	0	0	7	0	1
951	1	7	2	0	0	7	0	1
954	1	10	9	0	0	7	0	1
956	1	7	2	0	0	7	0	1
959	1	10	9	0	0	7	0	1
961	1	7	2	0	0	7	0	1
964	1	10	9	0	0	7	0	1
966	1	7	2	0	0	7	0	1
967	1	4	1	0	6	32	0	1
969	1	7	2	0	2	18	0	1
969	1	9	3	0	2	18	0	1
969	1	10	9	0	0	7	0	1
970	1	5	4	0	0	7	0	1
970	1	9	3	0	4	26	0	1
970	1	4	1	0	2	18	0	1
972	1	7	2	0	0	7	0	1
972	1	4	1	0	6	32	0	1
973	1	9	3	0	6	32	0	1
974	1	7	2	0	2	18	0	1
974	1	9	3	0	2	18	0	1
974	1	10	9	0	0	7	0	1
975	1	5	4	0	0	7	0	1
975	1	9	3	0	4	26	0	1
975	1	4	1	0	2	18	0	1
977	1	7	2	0	0	7	0	1
977	1	10	9	0	2	18	0	1
978	1	8	11	0	0	7	0	1
978	1	9	3	0	6	32	0	1
979	1	6	12	0	0	7	0	1
979	1	7	2	0	4	26	0	1
979	1	8	11	0	4	26	0	1
979	1	9	3	0	2	18	0	1
980	1	9	3	0	0	7	0	1
981	1	6	12	0	0	7	0	1
981	1	8	11	0	0	7	0	1
982	1	10	9	0	2	18	0	1
983	1	8	11	0	0	7	0	1
984	1	6	12	0	0	7	0	1
984	1	7	2	0	4	26	0	1
984	1	8	11	0	4	26	0	1
984	1	9	3	0	2	18	0	1
986	1	6	12	0	0	7	0	1
986	1	8	11	0	0	7	0	1
987	1	10	9	0	4	26	0	1
988	1	9	3	0	4	26	0	1
989	1	9	3	0	4	26	0	1
991	1	6	12	0	0	7	0	1
991	1	8	11	0	0	7	0	1
992	1	10	9	0	2	18	0	1
993	1	9	3	0	4	26	0	1
996	1	6	12	0	0	7	0	1
996	1	8	11	0	0	7	0	1
997	1	10	9	0	4	26	0	1
998	1	9	3	0	0	7	0	1
999	1	9	3	0	0	7	0	1
1001	1	6	12	0	0	7	0	1
1001	1	8	11	0	0	7	0	1
1002	1	10	9	0	2	18	0	1
1004	1	9	3	0	0	7	0	1
1006	1	6	12	0	0	7	0	1
1006	1	8	11	0	0	7	0	1
1007	1	10	9	0	0	7	0	1
1009	1	9	3	0	0	7	0	1
1011	1	6	12	0	0	7	0	1
1011	1	8	11	0	0	7	0	1
1012	1	10	9	0	0	7	0	1
1014	1	9	3	0	0	7	0	1
1016	1	6	12	0	0	7	0	1
1016	1	8	11	0	0	7	0	1
1017	1	10	9	0	0	7	0	1
1019	1	9	3	0	0	7	0	1
1021	1	6	12	0	0	7	0	1
1021	1	8	11	0	0	7	0	1
1022	1	10	9	0	0	7	0	1
1024	1	9	3	0	0	7	0	1
1026	1	6	12	0	0	7	0	1
1026	1	8	11	0	0	7	0	1
1027	1	10	9	0	0	7	0	1
1029	1	9	3	0	0	7	0	1
1031	1	6	12	0	0	7	0	1
1031	1	8	11	0	0	7	0	1
1032	1	10	9	0	0	7	0	1
1034	1	9	3	0	0	7	0	1
1036	1	6	12	0	0	7	0	1
1036	1	8	11	0	0	7	0	1
1037	1	10	9	0	0	7	0	1
1039	1	9	3	0	0	7	0	1
1041	1	6	12	0	0	7	0	1
1041	1	8	11	0	0	7	0	1
1042	1	10	9	0	0	7	0	1
1044	1	9	3	0	0	7	0	1
1046	1	6	12	0	0	7	0	1
1046	1	8	11	0	0	7	0	1
1047	1	10	9	0	0	7	0	1
1049	1	9	3	0	0	7	0	1
1051	1	6	12	0	0	7	0	1
1051	1	8	11	0	0	7	0	1
1052	1	10	9	0	0	7	0	1
1054	1	9	3	0	0	7	0	1
1056	1	6	12	0	0	7	0	1
1056	1	8	11	0	0	7	0	1
1057	1	10	9	0	0	7	0	1
1059	1	9	3	0	0	7	0	1
1061	1	6	12	0	0	7	0	1
1061	1	8	11	0	0	7	0	1
1062	1	10	9	0	0	7	0	1
1064	1	9	3	0	0	7	0	1
1066	1	6	12	0	0	7	0	1
1066	1	8	11	0	0	7	0	1
1067	1	10	9	0	0	7	0	1
1069	1	9	3	0	0	7	0	1
1071	1	6	12	0	0	7	0	1
1071	1	8	11	0	0	7	0	1
1072	1	10	9	0	0	7	0	1
1074	1	9	3	0	0	7	0	1
1076	1	6	12	0	0	7	0	1
1076	1	8	11	0	0	7	0	1
1077	1	10	9	0	0	7	0	1
1079	1	9	3	0	0	7	0	1
1081	1	6	12	0	0	7	0	1
1081	1	8	11	0	0	7	0	1
1082	1	10	9	0	0	7	0	1
1084	1	9	3	0	0	7	0	1
1086	1	6	12	0	0	7	0	1
1086	1	8	11	0	0	7	0	1
1087	1	10	9	0	0	7	0	1
1089	1	9	3	0	0	7	0	1
1091	1	6	12	0	0	7	0	1
1091	1	8	11	0	0	7	0	1
1092	1	10	9	0	0	7	0	1
1094	1	9	3	0	0	7	0	1
1096	1	6	12	0	0	7	0	1
1096	1	8	11	0	0	7	0	1
1097	1	10	9	0	0	7	0	1
1099	1	9	3	0	0	7	0	1
1101	1	6	12	0	0	7	0	1
1101	1	8	11	0	0	7	0	1
1102	1	10	9	0	0	7	0	1
1104	1	9	3	0	0	7	0	1
1106	1	6	12	0	0	7	0	1
1106	1	8	11	0	0	7	0	1
1107	1	10	9	0	0	7	0	1
1109	1	9	3	0	0	7	0	1
1111	1	6	12	0	0	7	0	1
1111	1	8	11	0	0	7	0	1
1112	1	10	9	0	0	7	0	1
1114	1	9	3	0	0	7	0	1
1116	1	6	12	0	0	7	0	1
1116	1	8	11	0	0	7	0	1
1117	1	10	9	0	0	7	0	1
1119	1	9	3	0	0	7	0	1
1121	1	6	12	0	0	7	0	1
1121	1	8	11	0	0	7	0	1
1122	1	10	9	0	0	7	0	1
1124	1	9	3	0	0	7	0	1
1126	1	6	12	0	0	7	0	1
1126	1	8	11	0	0	7	0	1
1127	1	10	9	0	0	7	0	1
1129	1	7	2	0	0	7	0	1
1129	1	9	3	0	2	18	0	1
1130	1	9	3	0	4	26	0	1
1131	1	6	12	0	0	7	0	1
1131	1	7	2	0	2	18	0	1
1131	1	8	11	0	0	7	0	1
1131	1	4	1	0	0	7	0	1
1132	1	10	9	0	0	7	0	1
1133	1	9	3	0	6	32	0	1
1134	1	7	2	0	0	7	0	1
1134	1	9	3	0	2	18	0	1
1135	1	9	3	0	4	26	0	1
1136	1	6	12	0	0	7	0	1
1136	1	7	2	0	2	18	0	1
1136	1	8	11	0	0	7	0	1
1136	1	4	1	0	0	7	0	1
1137	1	10	9	0	0	7	0	1
1138	1	6	12	0	0	7	0	1
1138	1	8	11	0	0	7	0	1
1138	1	9	3	0	6	32	0	1
1138	1	10	9	0	4	26	0	1
1139	1	6	12	0	0	7	0	1
1139	1	8	11	0	2	18	0	1
1141	1	7	2	0	2	18	0	1
1142	1	6	12	0	0	7	0	1
1142	1	10	9	0	0	7	0	1
1143	1	6	12	0	0	7	0	1
1143	1	8	11	0	0	7	0	1
1143	1	9	3	0	4	26	0	1
1143	1	10	9	0	4	26	0	1
1144	1	6	12	0	0	7	0	1
1144	1	8	11	0	2	18	0	1
1144	1	9	3	0	4	26	0	1
1146	1	7	2	0	4	26	0	1
1147	1	6	12	0	0	7	0	1
1147	1	10	9	0	0	7	0	1
1148	1	10	9	0	2	18	0	1
1149	1	8	11	0	4	26	0	1
1149	1	9	3	0	4	26	0	1
1151	1	7	2	0	2	18	0	1
1152	1	6	12	0	0	7	0	1
1152	1	10	9	0	0	7	0	1
1153	1	9	3	0	2	18	0	1
1153	1	10	9	0	0	7	0	1
1154	1	9	3	0	2	18	0	1
1156	1	7	2	0	0	7	0	1
1157	1	6	12	0	0	7	0	1
1157	1	10	9	0	0	7	0	1
1158	1	9	3	0	2	18	0	1
1158	1	10	9	0	0	7	0	1
1159	1	8	11	0	0	7	0	1
1159	1	9	3	0	0	7	0	1
1162	1	6	12	0	0	7	0	1
1162	1	10	9	0	0	7	0	1
1164	1	8	11	0	0	7	0	1
1164	1	9	3	0	0	7	0	1
1167	1	6	12	0	0	7	0	1
1167	1	10	9	0	0	7	0	1
1168	1	9	3	0	2	18	0	1
1169	1	8	11	0	0	7	0	1
1169	1	9	3	0	0	7	0	1
1172	1	6	12	0	0	7	0	1
1172	1	10	9	0	0	7	0	1
1173	1	9	3	0	2	18	0	1
1174	1	8	11	0	0	7	0	1
1174	1	9	3	0	0	7	0	1
1177	1	6	12	0	0	7	0	1
1177	1	10	9	0	0	7	0	1
1178	1	9	3	0	0	7	0	1
1179	1	8	11	0	0	7	0	1
1179	1	9	3	0	0	7	0	1
1182	1	6	12	0	0	7	0	1
1182	1	10	9	0	0	7	0	1
1184	1	8	11	0	0	7	0	1
1184	1	9	3	0	0	7	0	1
1187	1	6	12	0	0	7	0	1
1187	1	10	9	0	0	7	0	1
1189	1	8	11	0	0	7	0	1
1189	1	9	3	0	0	7	0	1
1192	1	6	12	0	0	7	0	1
1192	1	10	9	0	0	7	0	1
1194	1	8	11	0	0	7	0	1
1194	1	9	3	0	0	7	0	1
1197	1	6	12	0	0	7	0	1
1197	1	10	9	0	0	7	0	1
1199	1	8	11	0	0	7	0	1
1199	1	9	3	0	0	7	0	1
1202	1	6	12	0	0	7	0	1
1202	1	10	9	0	0	7	0	1
1204	1	8	11	0	0	7	0	1
1204	1	9	3	0	0	7	0	1
1207	1	6	12	0	0	7	0	1
1207	1	10	9	0	0	7	0	1
1209	1	8	11	0	0	7	0	1
1209	1	9	3	0	0	7	0	1
1212	1	6	12	0	0	7	0	1
1212	1	10	9	0	0	7	0	1
1214	1	8	11	0	0	7	0	1
1214	1	9	3	0	0	7	0	1
1217	1	6	12	0	0	7	0	1
1217	1	10	9	0	0	7	0	1
1219	1	8	11	0	0	7	0	1
1219	1	9	3	0	0	7	0	1
1222	1	6	12	0	0	7	0	1
1222	1	10	9	0	0	7	0	1
1224	1	8	11	0	0	7	0	1
1224	1	9	3	0	0	7	0	1
1227	1	6	12	0	0	7	0	1
1227	1	10	9	0	0	7	0	1
1229	1	8	11	0	0	7	0	1
1229	1	9	3	0	0	7	0	1
1232	1	6	12	0	0	7	0	1
1232	1	10	9	0	0	7	0	1
1234	1	8	11	0	0	7	0	1
1234	1	9	3	0	0	7	0	1
1237	1	6	12	0	0	7	0	1
1237	1	10	9	0	0	7	0	1
1239	1	8	11	0	0	7	0	1
1239	1	9	3	0	0	7	0	1
1242	1	6	12	0	0	7	0	1
1242	1	10	9	0	0	7	0	1
1244	1	8	11	0	0	7	0	1
1244	1	9	3	0	0	7	0	1
1247	1	6	12	0	0	7	0	1
1247	1	10	9	0	0	7	0	1
1249	1	8	11	0	0	7	0	1
1249	1	9	3	0	0	7	0	1
1252	1	6	12	0	0	7	0	1
1252	1	10	9	0	0	7	0	1
1254	1	8	11	0	0	7	0	1
1254	1	9	3	0	0	7	0	1
1257	1	6	12	0	0	7	0	1
1257	1	10	9	0	0	7	0	1
1259	1	8	11	0	0	7	0	1
1259	1	9	3	0	0	7	0	1
1262	1	6	12	0	0	7	0	1
1262	1	10	9	0	0	7	0	1
1264	1	8	11	0	0	7	0	1
1264	1	9	3	0	0	7	0	1
1267	1	6	12	0	0	7	0	1
1267	1	10	9	0	0	7	0	1
1269	1	8	11	0	0	7	0	1
1269	1	9	3	0	0	7	0	1
1272	1	6	12	0	0	7	0	1
1272	1	10	9	0	0	7	0	1
1274	1	8	11	0	0	7	0	1
1274	1	9	3	0	0	7	0	1
1277	1	6	12	0	0	7	0	1
1277	1	10	9	0	0	7	0	1
1279	1	8	11	0	0	7	0	1
1279	1	9	3	0	0	7	0	1
1282	1	6	12	0	0	7	0	1
1282	1	10	9	0	0	7	0	1
1284	1	8	11	0	0	7	0	1
1284	1	9	3	0	0	7	0	1
1287	1	6	12	0	0	7	0	1
1287	1	10	9	0	0	7	0	1
1289	1	7	2	0	4	26	0	1
1289	1	8	11	0	0	7	0	1
1289	1	9	3	0	4	26	0	1
1290	1	5	4	0	0	7	0	1
1290	1	7	2	0	2	18	0	1
1290	1	9	3	0	4	26	0	1
1291	1	7	2	0	0	7	0	1
1292	1	6	12	0	0	7	0	1
1292	1	7	2	0	0	7	0	1
1292	1	10	9	0	0	7	0	1
1293	1	9	3	0	2	18	0	1
1294	1	7	2	0	4	26	0	1
1294	1	8	11	0	0	7	0	1
1294	1	9	3	0	4	26	0	1
1295	1	5	4	0	0	7	0	1
1295	1	7	2	0	2	18	0	1
1295	1	9	3	0	4	26	0	1
1295	1	10	9	0	0	7	0	1
1296	1	7	2	0	0	7	0	1
1297	1	6	12	0	0	7	0	1
1297	1	7	2	0	0	7	0	1
1297	1	10	9	0	2	18	0	1
1298	1	9	3	0	2	18	0	1
1299	1	8	11	0	2	18	0	1
1299	1	10	9	0	4	26	0	1
1300	1	9	3	0	0	7	0	1
1300	1	10	9	0	0	7	0	1
1301	1	7	2	0	0	7	0	1
1301	1	8	11	0	2	18	0	1
1302	1	6	12	0	2	18	0	1
1302	1	7	2	0	0	7	0	1
1302	1	10	9	0	2	18	0	1
1304	1	7	2	0	0	7	0	1
1304	1	9	3	0	0	7	0	1
1304	1	10	9	0	4	26	0	1
1306	1	7	2	0	0	7	0	1
1306	1	8	11	0	2	18	0	1
1308	1	9	3	0	8	49	0	1
1309	1	7	2	0	0	7	0	1
1309	1	9	3	0	0	7	0	1
1309	1	10	9	0	2	18	0	1
1311	1	8	11	0	6	32	0	1
1312	1	10	9	0	2	18	0	1
1313	1	9	3	0	8	49	0	1
1314	1	10	9	0	8	49	0	1
1316	1	8	11	0	4	26	0	1
1317	1	10	9	0	2	18	0	1
1318	1	9	3	0	8	49	0	1
1319	1	10	9	0	8	49	0	1
1321	1	8	11	0	4	26	0	1
1322	1	10	9	0	6	32	0	1
1324	1	10	9	0	2	18	0	1
1326	1	8	11	0	4	26	0	1
1327	1	10	9	0	2	18	0	1
1329	1	10	9	0	4	26	0	1
1332	1	10	9	0	4	26	0	1
1336	1	8	11	0	2	18	0	1
1339	1	10	9	0	2	18	0	1
1341	1	8	11	0	2	18	0	1
1342	1	10	9	0	2	18	0	1
1344	1	10	9	0	2	18	0	1
1347	1	10	9	0	2	18	0	1
1351	1	8	11	0	0	7	0	1
1352	1	10	9	0	4	26	0	1
1356	1	8	11	0	0	7	0	1
1357	1	10	9	0	6	32	0	1
1361	1	8	11	0	0	7	0	1
1362	1	10	9	0	6	32	0	1
1366	1	8	11	0	0	7	0	1
1371	1	8	11	0	0	7	0	1
1372	1	10	9	0	0	7	0	1
1376	1	8	11	0	0	7	0	1
1377	1	10	9	0	0	7	0	1
1381	1	8	11	0	0	7	0	1
1382	1	10	9	0	0	7	0	1
1386	1	8	11	0	0	7	0	1
1387	1	10	9	0	0	7	0	1
1391	1	8	11	0	0	7	0	1
1392	1	10	9	0	0	7	0	1
1396	1	8	11	0	0	7	0	1
1397	1	10	9	0	0	7	0	1
1401	1	8	11	0	0	7	0	1
1402	1	10	9	0	0	7	0	1
1406	1	8	11	0	0	7	0	1
1407	1	10	9	0	0	7	0	1
1411	1	8	11	0	0	7	0	1
1412	1	10	9	0	0	7	0	1
1416	1	8	11	0	0	7	0	1
1417	1	10	9	0	0	7	0	1
1421	1	8	11	0	0	7	0	1
1422	1	10	9	0	0	7	0	1
1426	1	8	11	0	0	7	0	1
1427	1	10	9	0	0	7	0	1
1431	1	8	11	0	0	7	0	1
1432	1	10	9	0	0	7	0	1
1436	1	8	11	0	0	7	0	1
1437	1	10	9	0	0	7	0	1
1441	1	8	11	0	0	7	0	1
1442	1	10	9	0	0	7	0	1
1446	1	8	11	0	0	7	0	1
1447	1	4	1	0	0	7	0	1
1447	1	10	9	0	0	7	0	1
1449	1	7	2	0	0	7	0	1
1450	1	5	4	0	2	18	0	1
1450	1	7	2	0	0	7	0	1
1450	1	4	1	0	2	18	0	1
1451	1	7	2	0	4	26	0	1
1451	1	8	11	0	0	7	0	1
1451	1	9	3	0	2	18	0	1
1452	1	4	1	0	0	7	0	1
1452	1	10	9	0	0	7	0	1
1453	1	9	3	0	0	7	0	1
1454	1	7	2	0	0	7	0	1
1455	1	5	4	0	2	18	0	1
1455	1	7	2	0	0	7	0	1
1455	1	4	1	0	2	18	0	1
1456	1	7	2	0	4	26	0	1
1456	1	8	11	0	0	7	0	1
1456	1	9	3	0	2	18	0	1
1457	1	8	11	0	2	18	0	1
1457	1	4	1	0	0	7	0	1
1458	1	6	12	0	2	18	0	1
1458	1	8	11	0	2	18	0	1
1458	1	9	3	0	0	7	0	1
1459	1	7	2	0	0	7	0	1
1459	1	8	11	0	4	26	0	1
1459	1	10	9	0	2	18	0	1
1460	1	5	4	0	6	32	0	1
1460	1	2	10	0	2	18	0	1
1461	1	3	15	0	2	18	0	1
1462	1	8	11	0	2	18	0	1
1462	1	4	1	0	0	7	0	1
1463	1	6	12	0	2	18	0	1
1463	1	8	11	0	2	18	0	1
1463	1	9	3	0	0	7	0	1
1463	1	1	16	0	0	7	0	1
1464	1	7	2	0	0	7	0	1
1464	1	8	11	0	4	26	0	1
1464	1	10	9	0	2	18	0	1
1465	1	5	4	0	4	26	0	1
1465	1	4	1	0	4	26	0	1
1465	1	3	15	0	0	7	0	1
1465	1	2	10	0	2	18	0	1
1466	1	7	2	0	0	7	0	1
1466	1	3	15	0	2	18	0	1
1468	1	6	12	0	4	26	0	1
1468	1	1	16	0	0	7	0	1
1469	1	8	11	0	6	32	0	1
1469	1	10	9	0	4	26	0	1
1470	1	5	4	0	6	32	0	1
1470	1	4	1	0	4	26	0	1
1470	1	3	15	0	0	7	0	1
1471	1	7	2	0	0	7	0	1
1471	1	3	15	0	2	18	0	1
1472	1	8	11	0	2	18	0	1
1473	1	6	12	0	4	26	0	1
1474	1	8	11	0	6	32	0	1
1474	1	10	9	0	0	7	0	1
1475	1	5	4	0	4	26	0	1
1477	1	8	11	0	2	18	0	1
1479	1	10	9	0	4	26	0	1
1480	1	4	1	0	2	18	0	1
1482	1	8	11	0	4	26	0	1
1485	1	5	4	0	0	7	0	1
1485	1	4	1	0	2	18	0	1
1489	1	10	9	0	4	26	0	1
1490	1	5	4	0	0	7	0	1
1492	1	8	11	0	6	32	0	1
1494	1	10	9	0	4	26	0	1
1497	1	8	11	0	6	32	0	1
1499	1	10	9	0	2	18	0	1
1502	1	8	11	0	4	26	0	1
1507	1	8	11	0	6	32	0	1
1512	1	8	11	0	6	32	0	1
1609	1	9	3	0	4	26	0	1
1610	1	5	4	0	0	7	0	1
1611	1	7	2	0	2	18	0	1
1611	1	4	1	0	4	26	0	1
1613	1	5	4	0	4	26	0	1
1614	1	5	4	0	0	7	0	1
1614	1	9	3	0	4	26	0	1
1615	1	5	4	0	0	7	0	1
1615	1	10	9	0	4	26	0	1
1616	1	7	2	0	2	18	0	1
1616	1	4	1	0	4	26	0	1
1617	1	8	11	0	4	26	0	1
1618	1	5	4	0	4	26	0	1
1618	1	10	9	0	2	18	0	1
1619	1	5	4	0	0	7	0	1
1619	1	6	12	0	4	26	0	1
1619	1	9	3	0	6	32	0	1
1620	1	5	4	0	0	7	0	1
1620	1	10	9	0	4	26	0	1
1621	1	8	11	0	4	26	0	1
1622	1	6	12	0	4	26	0	1
1622	1	8	11	0	4	26	0	1
1623	1	10	9	0	2	18	0	1
1624	1	6	12	0	4	26	0	1
1625	1	1	16	0	0	7	0	1
1625	1	10	9	0	2	18	0	1
1626	1	7	2	0	6	32	0	1
1626	1	8	11	0	4	26	0	1
1627	1	6	12	0	4	26	0	1
1627	1	8	11	0	2	18	0	1
1628	1	5	4	0	4	26	0	1
1628	1	10	9	0	0	7	0	1
1630	1	1	16	0	0	7	0	1
1630	1	10	9	0	0	7	0	1
1631	1	7	2	0	6	32	0	1
1633	1	5	4	0	4	26	0	1
1634	1	6	12	0	0	7	0	1
1635	1	10	9	0	0	7	0	1
1636	1	7	2	0	4	26	0	1
1639	1	6	12	0	0	7	0	1
1640	1	10	9	0	0	7	0	1
1641	1	7	2	0	4	26	0	1
1644	1	6	12	0	0	7	0	1
1645	1	10	9	0	0	7	0	1
1646	1	7	2	0	2	18	0	1
1649	1	6	12	0	0	7	0	1
1650	1	10	9	0	0	7	0	1
1654	1	6	12	0	0	7	0	1
1655	1	10	9	0	0	7	0	1
1659	1	6	12	0	0	7	0	1
1660	1	10	9	0	0	7	0	1
1664	1	6	12	0	0	7	0	1
1665	1	10	9	0	0	7	0	1
1669	1	6	12	0	0	7	0	1
1670	1	10	9	0	0	7	0	1
1674	1	6	12	0	0	7	0	1
1675	1	10	9	0	0	7	0	1
1679	1	6	12	0	0	7	0	1
1680	1	10	9	0	0	7	0	1
1684	1	6	12	0	0	7	0	1
1685	1	10	9	0	0	7	0	1
1689	1	6	12	0	0	7	0	1
1690	1	10	9	0	0	7	0	1
1694	1	6	12	0	0	7	0	1
1695	1	10	9	0	0	7	0	1
1699	1	6	12	0	0	7	0	1
1700	1	10	9	0	0	7	0	1
1704	1	6	12	0	0	7	0	1
1705	1	10	9	0	0	7	0	1
1709	1	6	12	0	0	7	0	1
1710	1	10	9	0	0	7	0	1
1714	1	6	12	0	0	7	0	1
1715	1	10	9	0	0	7	0	1
1719	1	6	12	0	0	7	0	1
1720	1	10	9	0	0	7	0	1
1724	1	6	12	0	0	7	0	1
1725	1	10	9	0	0	7	0	1
1729	1	6	12	0	0	7	0	1
1730	1	10	9	0	0	7	0	1
1734	1	6	12	0	0	7	0	1
1735	1	10	9	0	0	7	0	1
1739	1	6	12	0	0	7	0	1
1740	1	10	9	0	0	7	0	1
1744	1	6	12	0	0	7	0	1
1745	1	10	9	0	0	7	0	1
1749	1	6	12	0	0	7	0	1
1750	1	10	9	0	0	7	0	1
1754	1	6	12	0	0	7	0	1
1755	1	10	9	0	0	7	0	1
1759	1	6	12	0	0	7	0	1
1760	1	10	9	0	0	7	0	1
1764	1	6	12	0	0	7	0	1
1765	1	10	9	0	0	7	0	1
1769	1	6	12	0	0	7	0	1
1770	1	7	2	0	4	26	0	1
1770	1	9	3	0	0	7	0	1
1770	1	10	9	0	0	7	0	1
1771	1	9	3	0	2	18	0	1
1771	1	4	1	0	4	26	0	1
1772	1	7	2	0	2	18	0	1
1773	1	9	3	0	12	73	0	1
1774	1	6	12	0	0	7	0	1
1775	1	7	2	0	4	26	0	1
1775	1	9	3	0	0	7	0	1
1776	1	9	3	0	2	18	0	1
1776	1	4	1	0	4	26	0	1
1777	1	7	2	0	2	18	0	1
1777	1	8	11	0	0	7	0	1
1777	1	10	9	0	4	26	0	1
1778	1	6	12	0	0	7	0	1
1778	1	8	11	0	0	7	0	1
1778	1	9	3	0	12	73	0	1
1778	1	10	9	0	0	7	0	1
1779	1	6	12	0	4	26	0	1
1779	1	8	11	0	4	26	0	1
1779	1	10	9	0	0	7	0	1
1780	1	7	2	0	2	18	0	1
1781	1	6	12	0	6	32	0	1
1781	1	8	11	0	4	26	0	1
1781	1	9	3	0	4	26	0	1
1781	1	4	1	0	0	7	0	1
1781	1	3	15	0	2	18	0	1
1782	1	7	2	0	2	18	0	1
1782	1	8	11	0	0	7	0	1
1782	1	3	15	0	0	7	0	1
1782	1	10	9	0	4	26	0	1
1783	1	6	12	0	0	7	0	1
1783	1	8	11	0	0	7	0	1
1783	1	10	9	0	0	7	0	1
1784	1	6	12	0	4	26	0	1
1784	1	8	11	0	4	26	0	1
1784	1	10	9	0	0	7	0	1
1785	1	3	15	0	2	18	0	1
1786	1	6	12	0	6	32	0	1
1786	1	8	11	0	4	26	0	1
1786	1	3	15	0	2	18	0	1
1787	1	3	15	0	0	7	0	1
1787	1	10	9	0	4	26	0	1
1789	1	6	12	0	0	7	0	1
1789	1	8	11	0	2	18	0	1
1790	1	3	15	0	2	18	0	1
1791	1	6	12	0	0	7	0	1
1791	1	9	3	0	4	26	0	1
1794	1	6	12	0	2	18	0	1
1794	1	8	11	0	6	32	0	1
1796	1	8	11	0	4	26	0	1
1796	1	9	3	0	4	26	0	1
1796	1	3	15	0	0	7	0	1
1797	1	10	9	0	6	32	0	1
1799	1	8	11	0	2	18	0	1
1800	1	3	15	0	0	7	0	1
1801	1	8	11	0	4	26	0	1
1801	1	9	3	0	0	7	0	1
1801	1	3	15	0	0	7	0	1
1802	1	10	9	0	6	32	0	1
1804	1	6	12	0	2	18	0	1
1805	1	3	15	0	0	7	0	1
1806	1	9	3	0	6	32	0	1
1807	1	10	9	0	2	18	0	1
1809	1	6	12	0	2	18	0	1
1809	1	8	11	0	2	18	0	1
1810	1	3	15	0	0	7	0	1
1812	1	10	9	0	0	7	0	1
1814	1	8	11	0	2	18	0	1
1815	1	3	15	0	0	7	0	1
1816	1	9	3	0	8	49	0	1
1817	1	10	9	0	2	18	0	1
1819	1	6	12	0	2	18	0	1
1819	1	8	11	0	4	26	0	1
1820	1	3	15	0	0	7	0	1
1821	1	9	3	0	8	49	0	1
1822	1	10	9	0	2	18	0	1
1824	1	6	12	0	2	18	0	1
1824	1	8	11	0	4	26	0	1
1825	1	3	15	0	0	7	0	1
1826	1	9	3	0	4	26	0	1
1829	1	6	12	0	2	18	0	1
1829	1	8	11	0	2	18	0	1
1830	1	3	15	0	0	7	0	1
1832	1	10	9	0	6	32	0	1
1834	1	8	11	0	0	7	0	1
1835	1	3	15	0	0	7	0	1
1836	1	9	3	0	4	26	0	1
1837	1	10	9	0	6	32	0	1
1839	1	6	12	0	0	7	0	1
1840	1	3	15	0	0	7	0	1
1841	1	9	3	0	4	26	0	1
1842	1	10	9	0	4	26	0	1
1844	1	6	12	0	0	7	0	1
1845	1	3	15	0	0	7	0	1
1846	1	9	3	0	2	18	0	1
1847	1	10	9	0	4	26	0	1
1849	1	6	12	0	0	7	0	1
1850	1	3	15	0	0	7	0	1
1851	1	9	3	0	2	18	0	1
1854	1	6	12	0	0	7	0	1
1855	1	3	15	0	0	7	0	1
1857	1	10	9	0	2	18	0	1
1859	1	6	12	0	0	7	0	1
1860	1	3	15	0	0	7	0	1
1862	1	10	9	0	2	18	0	1
1864	1	6	12	0	0	7	0	1
1865	1	3	15	0	0	7	0	1
1867	1	10	9	0	0	7	0	1
1869	1	6	12	0	0	7	0	1
1870	1	3	15	0	0	7	0	1
1872	1	10	9	0	4	26	0	1
1874	1	6	12	0	0	7	0	1
1875	1	3	15	0	0	7	0	1
1877	1	10	9	0	4	26	0	1
1879	1	6	12	0	0	7	0	1
1880	1	3	15	0	0	7	0	1
1882	1	10	9	0	0	7	0	1
1884	1	6	12	0	0	7	0	1
1885	1	3	15	0	0	7	0	1
1887	1	10	9	0	2	18	0	1
1889	1	6	12	0	0	7	0	1
1890	1	3	15	0	0	7	0	1
1892	1	10	9	0	2	18	0	1
1894	1	6	12	0	0	7	0	1
1895	1	3	15	0	0	7	0	1
1899	1	6	12	0	0	7	0	1
1900	1	3	15	0	0	7	0	1
1902	1	10	9	0	6	32	0	1
1904	1	6	12	0	0	7	0	1
1905	1	3	15	0	0	7	0	1
1907	1	10	9	0	6	32	0	1
1909	1	6	12	0	0	7	0	1
1910	1	3	15	0	0	7	0	1
1914	1	6	12	0	0	7	0	1
1915	1	3	15	0	0	7	0	1
1919	1	6	12	0	0	7	0	1
1920	1	3	15	0	0	7	0	1
1924	1	6	12	0	0	7	0	1
1925	1	3	15	0	0	7	0	1
1927	1	4	1	0	2	18	0	1
1929	1	6	12	0	0	7	0	1
1929	1	9	3	0	8	49	0	1
1930	1	9	3	0	8	49	0	1
1930	1	4	1	0	2	18	0	1
1930	1	3	15	0	0	7	0	1
1931	1	5	4	0	4	26	0	1
1931	1	7	2	0	2	18	0	1
1931	1	9	3	0	0	7	0	1
1932	1	7	2	0	4	26	0	1
1932	1	4	1	0	2	18	0	1
1933	1	9	3	0	2	18	0	1
1934	1	5	4	0	0	7	0	1
1934	1	6	12	0	0	7	0	1
1934	1	9	3	0	8	49	0	1
1935	1	9	3	0	8	49	0	1
1935	1	4	1	0	2	18	0	1
1935	1	3	15	0	0	7	0	1
1935	1	10	9	0	0	7	0	1
1936	1	5	4	0	4	26	0	1
1936	1	7	2	0	2	18	0	1
1936	1	9	3	0	0	7	0	1
1937	1	7	2	0	4	26	0	1
1937	1	8	11	0	2	18	0	1
1938	1	9	3	0	2	18	0	1
1938	1	2	10	0	2	18	0	1
1938	1	10	9	0	6	32	0	1
1939	1	5	4	0	0	7	0	1
1939	1	6	12	0	0	7	0	1
1939	1	9	3	0	4	26	0	1
1939	1	10	9	0	0	7	0	1
1940	1	9	3	0	4	26	0	1
1940	1	10	9	0	0	7	0	1
1941	1	5	4	0	0	7	0	1
1941	1	8	11	0	0	7	0	1
1942	1	7	2	0	2	18	0	1
1942	1	8	11	0	2	18	0	1
1943	1	9	3	0	8	49	0	1
1943	1	2	10	0	2	18	0	1
1943	1	10	9	0	6	32	0	1
1944	1	10	9	0	0	7	0	1
1945	1	1	16	0	2	18	0	1
1946	1	8	11	0	0	7	0	1
1947	1	8	11	0	4	26	0	1
1948	1	9	3	0	4	26	0	1
1948	1	10	9	0	2	18	0	1
1949	1	9	3	0	0	7	0	1
1950	1	1	16	0	2	18	0	1
1951	1	8	11	0	0	7	0	1
1952	1	8	11	0	4	26	0	1
1953	1	10	9	0	2	18	0	1
1954	1	9	3	0	0	7	0	1
1956	1	8	11	0	0	7	0	1
1958	1	10	9	0	2	18	0	1
1959	1	9	3	0	0	7	0	1
1961	1	8	11	0	0	7	0	1
1962	1	8	11	0	0	7	0	1
1964	1	9	3	0	0	7	0	1
1966	1	8	11	0	0	7	0	1
1967	1	8	11	0	0	7	0	1
1968	1	10	9	0	0	7	0	1
1969	1	9	3	0	0	7	0	1
1971	1	8	11	0	0	7	0	1
1972	1	8	11	0	0	7	0	1
1973	1	10	9	0	0	7	0	1
1974	1	9	3	0	0	7	0	1
1976	1	8	11	0	0	7	0	1
1977	1	8	11	0	0	7	0	1
1978	1	10	9	0	0	7	0	1
1979	1	9	3	0	0	7	0	1
1981	1	8	11	0	0	7	0	1
1982	1	8	11	0	0	7	0	1
1983	1	10	9	0	0	7	0	1
1984	1	9	3	0	0	7	0	1
1986	1	8	11	0	0	7	0	1
1987	1	8	11	0	0	7	0	1
1988	1	10	9	0	0	7	0	1
1989	1	9	3	0	0	7	0	1
1991	1	8	11	0	0	7	0	1
1992	1	8	11	0	0	7	0	1
1993	1	10	9	0	0	7	0	1
1994	1	9	3	0	0	7	0	1
1996	1	8	11	0	0	7	0	1
1997	1	8	11	0	0	7	0	1
1998	1	10	9	0	0	7	0	1
1999	1	9	3	0	0	7	0	1
2001	1	8	11	0	0	7	0	1
2002	1	8	11	0	0	7	0	1
2003	1	10	9	0	0	7	0	1
2004	1	9	3	0	0	7	0	1
2006	1	8	11	0	0	7	0	1
2007	1	8	11	0	0	7	0	1
2008	1	10	9	0	0	7	0	1
2009	1	9	3	0	0	7	0	1
2011	1	8	11	0	0	7	0	1
2012	1	8	11	0	0	7	0	1
2013	1	10	9	0	0	7	0	1
2014	1	9	3	0	0	7	0	1
2016	1	8	11	0	0	7	0	1
2017	1	8	11	0	0	7	0	1
2018	1	10	9	0	0	7	0	1
2019	1	9	3	0	0	7	0	1
2021	1	8	11	0	0	7	0	1
2022	1	8	11	0	0	7	0	1
2023	1	10	9	0	0	7	0	1
2024	1	9	3	0	0	7	0	1
2026	1	8	11	0	0	7	0	1
2027	1	8	11	0	0	7	0	1
2028	1	10	9	0	0	7	0	1
2029	1	9	3	0	0	7	0	1
2031	1	8	11	0	0	7	0	1
2032	1	8	11	0	0	7	0	1
2033	1	10	9	0	0	7	0	1
2034	1	9	3	0	0	7	0	1
2036	1	8	11	0	0	7	0	1
2037	1	8	11	0	0	7	0	1
2038	1	10	9	0	0	7	0	1
2039	1	9	3	0	0	7	0	1
2041	1	8	11	0	0	7	0	1
2042	1	8	11	0	0	7	0	1
2043	1	10	9	0	0	7	0	1
2044	1	9	3	0	0	7	0	1
2046	1	8	11	0	0	7	0	1
2047	1	8	11	0	0	7	0	1
2048	1	10	9	0	0	7	0	1
2049	1	9	3	0	0	7	0	1
2051	1	8	11	0	0	7	0	1
2052	1	8	11	0	0	7	0	1
2053	1	10	9	0	0	7	0	1
2054	1	9	3	0	0	7	0	1
2056	1	8	11	0	0	7	0	1
2057	1	8	11	0	0	7	0	1
2058	1	10	9	0	0	7	0	1
2059	1	9	3	0	0	7	0	1
2061	1	8	11	0	0	7	0	1
2062	1	8	11	0	0	7	0	1
2063	1	10	9	0	0	7	0	1
2064	1	9	3	0	0	7	0	1
2066	1	8	11	0	0	7	0	1
2067	1	8	11	0	0	7	0	1
2068	1	10	9	0	0	7	0	1
2069	1	9	3	0	0	7	0	1
2071	1	8	11	0	0	7	0	1
2072	1	8	11	0	0	7	0	1
2073	1	10	9	0	0	7	0	1
2074	1	9	3	0	0	7	0	1
2076	1	8	11	0	0	7	0	1
2077	1	8	11	0	0	7	0	1
2078	1	10	9	0	0	7	0	1
2079	1	9	3	0	0	7	0	1
2081	1	8	11	0	0	7	0	1
2082	1	8	11	0	0	7	0	1
2083	1	10	9	0	0	7	0	1
2084	1	9	3	0	0	7	0	1
2086	1	8	11	0	0	7	0	1
2087	1	8	11	0	0	7	0	1
2088	1	10	9	0	0	7	0	1
2090	1	4	1	0	0	7	0	1
2091	1	8	11	0	0	7	0	1
2092	1	7	2	0	2	18	0	1
2092	1	8	11	0	0	7	0	1
2093	1	10	9	0	0	7	0	1
2095	1	4	1	0	0	7	0	1
2095	1	10	9	0	0	7	0	1
2096	1	8	11	0	0	7	0	1
2097	1	7	2	0	2	18	0	1
2097	1	8	11	0	0	7	0	1
2097	1	10	9	0	0	7	0	1
2098	1	8	11	0	2	18	0	1
2098	1	2	10	0	2	18	0	1
2098	1	10	9	0	2	18	0	1
2099	1	8	11	0	6	32	0	1
2099	1	10	9	0	0	7	0	1
2100	1	4	1	0	0	7	0	1
2100	1	10	9	0	0	7	0	1
2101	1	8	11	0	6	32	0	1
2102	1	10	9	0	0	7	0	1
2103	1	8	11	0	2	18	0	1
2103	1	2	10	0	2	18	0	1
2103	1	10	9	0	2	18	0	1
2104	1	8	11	0	6	32	0	1
2104	1	10	9	0	0	7	0	1
2105	1	4	1	0	0	7	0	1
2105	1	10	9	0	0	7	0	1
2106	1	8	11	0	6	32	0	1
2108	1	8	11	0	2	18	0	1
2110	1	4	1	0	0	7	0	1
2110	1	10	9	0	0	7	0	1
2114	1	8	11	0	4	26	0	1
2115	1	4	1	0	0	7	0	1
2115	1	10	9	0	0	7	0	1
2119	1	8	11	0	4	26	0	1
2120	1	4	1	0	0	7	0	1
2120	1	10	9	0	0	7	0	1
2125	1	4	1	0	0	7	0	1
2125	1	10	9	0	0	7	0	1
2130	1	4	1	0	0	7	0	1
2130	1	10	9	0	0	7	0	1
2135	1	4	1	0	0	7	0	1
2135	1	10	9	0	0	7	0	1
2140	1	4	1	0	0	7	0	1
2140	1	10	9	0	0	7	0	1
2145	1	4	1	0	0	7	0	1
2145	1	10	9	0	0	7	0	1
2150	1	4	1	0	0	7	0	1
2150	1	10	9	0	0	7	0	1
2155	1	4	1	0	0	7	0	1
2155	1	10	9	0	0	7	0	1
2160	1	4	1	0	0	7	0	1
2160	1	10	9	0	0	7	0	1
2165	1	4	1	0	0	7	0	1
2165	1	10	9	0	0	7	0	1
2170	1	4	1	0	0	7	0	1
2170	1	10	9	0	0	7	0	1
2175	1	4	1	0	0	7	0	1
2175	1	10	9	0	0	7	0	1
2180	1	4	1	0	0	7	0	1
2180	1	10	9	0	0	7	0	1
2185	1	4	1	0	0	7	0	1
2185	1	10	9	0	0	7	0	1
2190	1	4	1	0	0	7	0	1
2190	1	10	9	0	0	7	0	1
2195	1	4	1	0	0	7	0	1
2195	1	10	9	0	0	7	0	1
2200	1	4	1	0	0	7	0	1
2200	1	10	9	0	0	7	0	1
2205	1	4	1	0	0	7	0	1
2205	1	10	9	0	0	7	0	1
2210	1	4	1	0	0	7	0	1
2210	1	10	9	0	0	7	0	1
2215	1	4	1	0	0	7	0	1
2215	1	10	9	0	0	7	0	1
2220	1	4	1	0	0	7	0	1
2220	1	10	9	0	0	7	0	1
2225	1	4	1	0	0	7	0	1
2225	1	10	9	0	0	7	0	1
2230	1	4	1	0	0	7	0	1
2230	1	10	9	0	0	7	0	1
2235	1	4	1	0	0	7	0	1
2235	1	10	9	0	0	7	0	1
2240	1	4	1	0	0	7	0	1
2240	1	10	9	0	0	7	0	1
2245	1	4	1	0	0	7	0	1
2245	1	10	9	0	0	7	0	1
2247	1	4	1	0	4	26	0	1
2250	1	7	2	0	0	7	0	1
2250	1	10	9	0	0	7	0	1
2251	1	5	4	0	2	18	0	1
2251	1	9	3	0	2	18	0	1
2251	1	4	1	0	2	18	0	1
2252	1	4	1	0	4	26	0	1
2253	1	5	4	0	2	18	0	1
2253	1	9	3	0	0	7	0	1
2254	1	5	4	0	6	32	0	1
2255	1	7	2	0	0	7	0	1
2255	1	10	9	0	0	7	0	1
2256	1	5	4	0	2	18	0	1
2256	1	9	3	0	2	18	0	1
2256	1	4	1	0	2	18	0	1
2257	1	10	9	0	6	32	0	1
2258	1	5	4	0	2	18	0	1
2258	1	9	3	0	0	7	0	1
2259	1	5	4	0	6	32	0	1
2259	1	6	12	0	2	18	0	1
2259	1	8	11	0	2	18	0	1
2259	1	10	9	0	2	18	0	1
2260	1	7	2	0	0	7	0	1
2260	1	10	9	0	0	7	0	1
2261	1	4	1	0	2	18	0	1
2261	1	3	15	0	4	26	0	1
2262	1	3	15	0	2	18	0	1
2262	1	10	9	0	6	32	0	1
2264	1	5	4	0	4	26	0	1
2264	1	6	12	0	2	18	0	1
2264	1	8	11	0	2	18	0	1
2264	1	10	9	0	2	18	0	1
2265	1	7	2	0	0	7	0	1
2265	1	3	15	0	2	18	0	1
2265	1	10	9	0	0	7	0	1
2266	1	5	4	0	2	18	0	1
2266	1	4	1	0	4	26	0	1
2266	1	3	15	0	4	26	0	1
2267	1	3	15	0	2	18	0	1
2268	1	5	4	0	0	7	0	1
2269	1	10	9	0	12	73	0	1
2270	1	7	2	0	0	7	0	1
2270	1	3	15	0	2	18	0	1
2270	1	10	9	0	0	7	0	1
2271	1	5	4	0	2	18	0	1
2271	1	4	1	0	2	18	0	1
2272	1	10	9	0	2	18	0	1
2273	1	5	4	0	0	7	0	1
2274	1	6	12	0	0	7	0	1
2276	1	4	1	0	0	7	0	1
2277	1	10	9	0	2	18	0	1
2278	1	5	4	0	0	7	0	1
2279	1	6	12	0	0	7	0	1
2281	1	5	4	0	0	7	0	1
2282	1	10	9	0	6	32	0	1
2283	1	5	4	0	0	7	0	1
2284	1	6	12	0	0	7	0	1
2286	1	5	4	0	0	7	0	1
2288	1	5	4	0	0	7	0	1
2289	1	6	12	0	0	7	0	1
2291	1	5	4	0	0	7	0	1
2292	1	10	9	0	6	32	0	1
2293	1	5	4	0	0	7	0	1
2294	1	6	12	0	0	7	0	1
2296	1	5	4	0	0	7	0	1
2297	1	10	9	0	6	32	0	1
2298	1	5	4	0	0	7	0	1
2299	1	6	12	0	0	7	0	1
2301	1	5	4	0	0	7	0	1
2303	1	5	4	0	0	7	0	1
2304	1	6	12	0	0	7	0	1
2306	1	5	4	0	0	7	0	1
2308	1	5	4	0	0	7	0	1
2309	1	6	12	0	0	7	0	1
2311	1	5	4	0	0	7	0	1
2313	1	5	4	0	0	7	0	1
2314	1	6	12	0	0	7	0	1
2316	1	5	4	0	0	7	0	1
2318	1	5	4	0	0	7	0	1
2319	1	6	12	0	0	7	0	1
2321	1	5	4	0	0	7	0	1
2323	1	5	4	0	0	7	0	1
2324	1	6	12	0	0	7	0	1
2326	1	5	4	0	0	7	0	1
2328	1	5	4	0	0	7	0	1
2329	1	6	12	0	0	7	0	1
2331	1	5	4	0	0	7	0	1
2333	1	5	4	0	0	7	0	1
2334	1	6	12	0	0	7	0	1
2336	1	5	4	0	0	7	0	1
2338	1	5	4	0	0	7	0	1
2339	1	6	12	0	0	7	0	1
2341	1	5	4	0	0	7	0	1
2343	1	5	4	0	0	7	0	1
2344	1	6	12	0	0	7	0	1
2346	1	5	4	0	0	7	0	1
2348	1	5	4	0	0	7	0	1
2349	1	6	12	0	0	7	0	1
2351	1	5	4	0	0	7	0	1
2353	1	5	4	0	0	7	0	1
2354	1	6	12	0	0	7	0	1
2356	1	5	4	0	0	7	0	1
2358	1	5	4	0	0	7	0	1
2359	1	6	12	0	0	7	0	1
2361	1	5	4	0	0	7	0	1
2363	1	5	4	0	0	7	0	1
2364	1	6	12	0	0	7	0	1
2366	1	5	4	0	0	7	0	1
2368	1	5	4	0	0	7	0	1
2369	1	6	12	0	0	7	0	1
2371	1	5	4	0	0	7	0	1
2373	1	5	4	0	0	7	0	1
2374	1	6	12	0	0	7	0	1
2376	1	5	4	0	0	7	0	1
2378	1	5	4	0	0	7	0	1
2379	1	6	12	0	0	7	0	1
2381	1	5	4	0	0	7	0	1
2383	1	5	4	0	0	7	0	1
2384	1	6	12	0	0	7	0	1
2386	1	5	4	0	0	7	0	1
2388	1	5	4	0	0	7	0	1
2389	1	6	12	0	0	7	0	1
2391	1	5	4	0	0	7	0	1
2393	1	5	4	0	0	7	0	1
2394	1	6	12	0	0	7	0	1
2396	1	5	4	0	0	7	0	1
2398	1	5	4	0	0	7	0	1
2399	1	6	12	0	0	7	0	1
2401	1	5	4	0	0	7	0	1
2403	1	5	4	0	0	7	0	1
2404	1	6	12	0	0	7	0	1
2406	1	5	4	0	0	7	0	1
2408	1	5	4	0	0	7	0	1
2409	1	6	12	0	0	7	0	1
2409	1	7	2	0	0	7	0	1
2410	1	7	2	0	4	26	0	1
2411	1	5	4	0	2	18	0	1
2411	1	4	1	0	2	18	0	1
2412	1	7	2	0	0	7	0	1
2413	1	5	4	0	0	7	0	1
2414	1	6	12	0	0	7	0	1
2414	1	7	2	0	0	7	0	1
2415	1	7	2	0	4	26	0	1
2415	1	10	9	0	6	32	0	1
2416	1	5	4	0	2	18	0	1
2416	1	4	1	0	2	18	0	1
2417	1	7	2	0	0	7	0	1
2417	1	8	11	0	6	32	0	1
2417	1	10	9	0	4	26	0	1
2418	1	5	4	0	0	7	0	1
2418	1	6	12	0	0	7	0	1
2418	1	10	9	0	0	7	0	1
2419	1	7	2	0	0	7	0	1
2419	1	8	11	0	2	18	0	1
2420	1	7	2	0	0	7	0	1
2420	1	10	9	0	6	32	0	1
2421	1	6	12	0	2	18	0	1
2421	1	8	11	0	2	18	0	1
2421	1	4	1	0	0	7	0	1
2421	1	3	15	0	4	26	0	1
2422	1	7	2	0	0	7	0	1
2422	1	8	11	0	6	32	0	1
2422	1	10	9	0	4	26	0	1
2423	1	5	4	0	0	7	0	1
2423	1	6	12	0	0	7	0	1
2423	1	3	15	0	0	7	0	1
2423	1	1	16	0	2	18	0	1
2423	1	10	9	0	0	7	0	1
2424	1	7	2	0	0	7	0	1
2424	1	8	11	0	2	18	0	1
2425	1	7	2	0	2	18	0	1
2425	1	3	15	0	0	7	0	1
2425	1	1	16	0	2	18	0	1
2425	1	10	9	0	0	7	0	1
2426	1	6	12	0	2	18	0	1
2426	1	8	11	0	2	18	0	1
2426	1	3	15	0	4	26	0	1
2428	1	5	4	0	0	7	0	1
2428	1	6	12	0	0	7	0	1
2428	1	3	15	0	0	7	0	1
2428	1	1	16	0	2	18	0	1
2428	1	10	9	0	0	7	0	1
2430	1	3	15	0	0	7	0	1
2430	1	1	16	0	2	18	0	1
2431	1	6	12	0	2	18	0	1
2431	1	8	11	0	2	18	0	1
2432	1	8	11	0	2	18	0	1
2434	1	8	11	0	0	7	0	1
2435	1	7	2	0	0	7	0	1
2436	1	6	12	0	2	18	0	1
2436	1	8	11	0	2	18	0	1
2436	1	3	15	0	2	18	0	1
2437	1	8	11	0	2	18	0	1
2439	1	8	11	0	0	7	0	1
2440	1	7	2	0	0	7	0	1
2441	1	8	11	0	4	26	0	1
2441	1	3	15	0	2	18	0	1
2442	1	8	11	0	4	26	0	1
2444	1	8	11	0	0	7	0	1
2445	1	7	2	0	0	7	0	1
2446	1	8	11	0	2	18	0	1
2447	1	8	11	0	2	18	0	1
2449	1	8	11	0	0	7	0	1
2450	1	7	2	0	0	7	0	1
2451	1	8	11	0	4	26	0	1
2451	1	3	15	0	2	18	0	1
2452	1	8	11	0	2	18	0	1
2454	1	8	11	0	0	7	0	1
2455	1	7	2	0	0	7	0	1
2456	1	3	15	0	2	18	0	1
2457	1	8	11	0	2	18	0	1
2459	1	8	11	0	0	7	0	1
2460	1	7	2	0	0	7	0	1
2461	1	8	11	0	2	18	0	1
2464	1	8	11	0	0	7	0	1
2465	1	7	2	0	0	7	0	1
2466	1	8	11	0	2	18	0	1
2466	1	3	15	0	2	18	0	1
2469	1	8	11	0	0	7	0	1
2470	1	7	2	0	0	7	0	1
2471	1	3	15	0	2	18	0	1
2474	1	8	11	0	0	7	0	1
2475	1	7	2	0	0	7	0	1
2476	1	8	11	0	4	26	0	1
2476	1	3	15	0	2	18	0	1
2479	1	8	11	0	0	7	0	1
2480	1	7	2	0	0	7	0	1
2481	1	8	11	0	4	26	0	1
2484	1	8	11	0	0	7	0	1
2485	1	7	2	0	0	7	0	1
2486	1	8	11	0	2	18	0	1
2486	1	3	15	0	0	7	0	1
2489	1	8	11	0	0	7	0	1
2490	1	7	2	0	0	7	0	1
2491	1	8	11	0	2	18	0	1
2491	1	3	15	0	0	7	0	1
2494	1	8	11	0	0	7	0	1
2495	1	7	2	0	0	7	0	1
2499	1	8	11	0	0	7	0	1
2500	1	7	2	0	0	7	0	1
2501	1	8	11	0	6	32	0	1
2504	1	8	11	0	0	7	0	1
2505	1	7	2	0	0	7	0	1
2506	1	8	11	0	6	32	0	1
2509	1	8	11	0	0	7	0	1
2510	1	7	2	0	0	7	0	1
2511	1	8	11	0	0	7	0	1
2514	1	8	11	0	0	7	0	1
2515	1	7	2	0	0	7	0	1
2516	1	8	11	0	0	7	0	1
2519	1	8	11	0	0	7	0	1
2520	1	7	2	0	0	7	0	1
2521	1	8	11	0	0	7	0	1
2524	1	8	11	0	0	7	0	1
2525	1	7	2	0	0	7	0	1
2526	1	8	11	0	0	7	0	1
2529	1	8	11	0	0	7	0	1
2530	1	7	2	0	0	7	0	1
2531	1	8	11	0	0	7	0	1
2534	1	8	11	0	0	7	0	1
2535	1	7	2	0	0	7	0	1
2536	1	8	11	0	0	7	0	1
2539	1	8	11	0	0	7	0	1
2540	1	7	2	0	0	7	0	1
2541	1	8	11	0	0	7	0	1
2544	1	8	11	0	0	7	0	1
2545	1	7	2	0	0	7	0	1
2546	1	8	11	0	0	7	0	1
2549	1	8	11	0	0	7	0	1
2550	1	7	2	0	0	7	0	1
2551	1	8	11	0	0	7	0	1
2554	1	8	11	0	0	7	0	1
2555	1	7	2	0	0	7	0	1
2556	1	8	11	0	0	7	0	1
2559	1	8	11	0	0	7	0	1
2560	1	7	2	0	0	7	0	1
2561	1	8	11	0	0	7	0	1
2564	1	8	11	0	0	7	0	1
2565	1	7	2	0	0	7	0	1
2566	1	8	11	0	0	7	0	1
2569	1	8	11	0	0	7	0	1
2571	1	5	4	0	2	18	0	1
2571	1	7	2	0	2	18	0	1
2571	1	8	11	0	0	7	0	1
2573	1	5	4	0	8	49	0	1
2573	1	9	3	0	2	18	0	1
2574	1	5	4	0	2	18	0	1
2574	1	8	11	0	0	7	0	1
2575	1	10	9	0	6	32	0	1
2576	1	5	4	0	2	18	0	1
2576	1	7	2	0	2	18	0	1
2576	1	8	11	0	0	7	0	1
2577	1	8	11	0	4	26	0	1
2577	1	10	9	0	4	26	0	1
2578	1	5	4	0	8	49	0	1
2578	1	8	11	0	0	7	0	1
2578	1	9	3	0	2	18	0	1
2579	1	5	4	0	2	18	0	1
2579	1	8	11	0	0	7	0	1
2579	1	10	9	0	2	18	0	1
2580	1	10	9	0	6	32	0	1
2581	1	5	4	0	4	26	0	1
2581	1	7	2	0	0	7	0	1
2582	1	8	11	0	4	26	0	1
2582	1	10	9	0	4	26	0	1
2583	1	8	11	0	0	7	0	1
2583	1	9	3	0	4	26	0	1
2584	1	5	4	0	4	26	0	1
2584	1	10	9	0	2	18	0	1
2586	1	5	4	0	0	7	0	1
2586	1	7	2	0	2	18	0	1
2587	1	8	11	0	2	18	0	1
2588	1	5	4	0	2	18	0	1
2590	1	10	9	0	2	18	0	1
2591	1	5	4	0	2	18	0	1
2593	1	5	4	0	2	18	0	1
2595	1	10	9	0	2	18	0	1
2598	1	5	4	0	0	7	0	1
2600	1	10	9	0	4	26	0	1
2605	1	10	9	0	4	26	0	1
2615	1	10	9	0	2	18	0	1
2620	1	10	9	0	2	18	0	1
2625	1	10	9	0	2	18	0	1
2630	1	10	9	0	0	7	0	1
2727	1	4	1	0	0	7	0	1
2729	1	9	3	0	2	18	0	1
2730	1	5	4	0	2	18	0	1
2730	1	7	2	0	2	18	0	1
2730	1	9	3	0	4	26	0	1
2731	1	5	4	0	4	26	0	1
2732	1	4	1	0	0	7	0	1
2733	1	5	4	0	4	26	0	1
2733	1	9	3	0	2	18	0	1
2734	1	9	3	0	2	18	0	1
2735	1	5	4	0	2	18	0	1
2735	1	7	2	0	2	18	0	1
2735	1	9	3	0	4	26	0	1
2736	1	5	4	0	4	26	0	1
2737	1	4	1	0	0	7	0	1
2738	1	5	4	0	4	26	0	1
2738	1	6	12	0	4	26	0	1
2738	1	8	11	0	0	7	0	1
2738	1	9	3	0	2	18	0	1
2738	1	10	9	0	2	18	0	1
2739	1	6	12	0	2	18	0	1
2739	1	8	11	0	4	26	0	1
2739	1	9	3	0	0	7	0	1
2739	1	10	9	0	4	26	0	1
2740	1	9	3	0	8	49	0	1
2741	1	5	4	0	0	7	0	1
2742	1	6	12	0	2	18	0	1
2742	1	4	1	0	0	7	0	1
2742	1	3	15	0	2	18	0	1
2743	1	6	12	0	4	26	0	1
2743	1	8	11	0	0	7	0	1
2743	1	9	3	0	2	18	0	1
2743	1	10	9	0	2	18	0	1
2744	1	6	12	0	2	18	0	1
2744	1	8	11	0	4	26	0	1
2744	1	10	9	0	4	26	0	1
2745	1	7	2	0	0	7	0	1
2746	1	5	4	0	0	7	0	1
2747	1	6	12	0	2	18	0	1
2747	1	4	1	0	0	7	0	1
2747	1	3	15	0	2	18	0	1
2748	1	5	4	0	0	7	0	1
2748	1	6	12	0	0	7	0	1
2748	1	10	9	0	2	18	0	1
2749	1	6	12	0	2	18	0	1
2749	1	8	11	0	4	26	0	1
2750	1	7	2	0	0	7	0	1
2750	1	9	3	0	2	18	0	1
2751	1	5	4	0	0	7	0	1
2752	1	6	12	0	4	26	0	1
2753	1	5	4	0	0	7	0	1
2753	1	9	3	0	0	7	0	1
2754	1	6	12	0	0	7	0	1
2754	1	8	11	0	10	57	0	1
2755	1	7	2	0	0	7	0	1
2755	1	9	3	0	2	18	0	1
2756	1	5	4	0	0	7	0	1
2758	1	9	3	0	0	7	0	1
2758	1	10	9	0	6	32	0	1
2759	1	6	12	0	4	26	0	1
2761	1	5	4	0	0	7	0	1
2762	1	6	12	0	8	49	0	1
2763	1	9	3	0	0	7	0	1
2763	1	10	9	0	6	32	0	1
2765	1	9	3	0	0	7	0	1
2766	1	5	4	0	0	7	0	1
2767	1	6	12	0	8	49	0	1
2769	1	6	12	0	0	7	0	1
2770	1	9	3	0	0	7	0	1
2771	1	5	4	0	0	7	0	1
2772	1	6	12	0	0	7	0	1
2773	1	10	9	0	4	26	0	1
2774	1	6	12	0	0	7	0	1
2775	1	9	3	0	0	7	0	1
2776	1	5	4	0	0	7	0	1
2778	1	10	9	0	4	26	0	1
2779	1	6	12	0	0	7	0	1
2780	1	9	3	0	0	7	0	1
2781	1	5	4	0	0	7	0	1
2783	1	10	9	0	8	49	0	1
2784	1	6	12	0	0	7	0	1
2785	1	9	3	0	0	7	0	1
2786	1	5	4	0	0	7	0	1
2788	1	10	9	0	4	26	0	1
2789	1	6	12	0	0	7	0	1
2790	1	9	3	0	0	7	0	1
2791	1	5	4	0	0	7	0	1
2794	1	6	12	0	0	7	0	1
2795	1	9	3	0	0	7	0	1
2796	1	5	4	0	0	7	0	1
2798	1	10	9	0	0	7	0	1
2799	1	6	12	0	0	7	0	1
2800	1	9	3	0	0	7	0	1
2801	1	5	4	0	0	7	0	1
2803	1	10	9	0	0	7	0	1
2804	1	6	12	0	0	7	0	1
2805	1	9	3	0	0	7	0	1
2806	1	5	4	0	0	7	0	1
2808	1	10	9	0	0	7	0	1
2809	1	6	12	0	0	7	0	1
2810	1	9	3	0	0	7	0	1
2811	1	5	4	0	0	7	0	1
2813	1	10	9	0	0	7	0	1
2814	1	6	12	0	0	7	0	1
2815	1	9	3	0	0	7	0	1
2816	1	5	4	0	0	7	0	1
2818	1	10	9	0	0	7	0	1
2819	1	6	12	0	0	7	0	1
2820	1	9	3	0	0	7	0	1
2821	1	5	4	0	0	7	0	1
2823	1	10	9	0	0	7	0	1
2824	1	6	12	0	0	7	0	1
2825	1	9	3	0	0	7	0	1
2826	1	5	4	0	0	7	0	1
2828	1	10	9	0	0	7	0	1
2829	1	6	12	0	0	7	0	1
2830	1	9	3	0	0	7	0	1
2831	1	5	4	0	0	7	0	1
2833	1	10	9	0	0	7	0	1
2834	1	6	12	0	0	7	0	1
2835	1	9	3	0	0	7	0	1
2836	1	5	4	0	0	7	0	1
2838	1	10	9	0	0	7	0	1
2839	1	6	12	0	0	7	0	1
2840	1	9	3	0	0	7	0	1
2841	1	5	4	0	0	7	0	1
2843	1	10	9	0	0	7	0	1
2844	1	6	12	0	0	7	0	1
2845	1	9	3	0	0	7	0	1
2846	1	5	4	0	0	7	0	1
2848	1	10	9	0	0	7	0	1
2849	1	6	12	0	0	7	0	1
2850	1	9	3	0	0	7	0	1
2851	1	5	4	0	0	7	0	1
2853	1	10	9	0	0	7	0	1
2854	1	6	12	0	0	7	0	1
2855	1	9	3	0	0	7	0	1
2856	1	5	4	0	0	7	0	1
2858	1	10	9	0	0	7	0	1
2859	1	6	12	0	0	7	0	1
2860	1	9	3	0	0	7	0	1
2861	1	5	4	0	0	7	0	1
2863	1	10	9	0	0	7	0	1
2864	1	6	12	0	0	7	0	1
2865	1	9	3	0	0	7	0	1
2866	1	5	4	0	0	7	0	1
2868	1	10	9	0	0	7	0	1
2869	1	6	12	0	0	7	0	1
2870	1	9	3	0	0	7	0	1
2871	1	5	4	0	0	7	0	1
2873	1	10	9	0	0	7	0	1
2874	1	6	12	0	0	7	0	1
2875	1	9	3	0	0	7	0	1
2876	1	5	4	0	0	7	0	1
2878	1	10	9	0	0	7	0	1
2879	1	6	12	0	0	7	0	1
2880	1	9	3	0	0	7	0	1
2881	1	5	4	0	0	7	0	1
2883	1	10	9	0	0	7	0	1
2884	1	6	12	0	0	7	0	1
2885	1	9	3	0	0	7	0	1
2886	1	5	4	0	0	7	0	1
2888	1	10	9	0	0	7	0	1
2889	1	6	12	0	0	7	0	1
2889	1	7	2	0	2	18	0	1
2889	1	9	3	0	0	7	0	1
2890	1	7	2	0	4	26	0	1
2890	1	9	3	0	2	18	0	1
2890	1	4	1	0	4	26	0	1
2891	1	9	3	0	2	18	0	1
2892	1	7	2	0	2	18	0	1
2893	1	9	3	0	6	32	0	1
2893	1	10	9	0	0	7	0	1
2894	1	6	12	0	0	7	0	1
2894	1	7	2	0	2	18	0	1
2894	1	9	3	0	0	7	0	1
2895	1	7	2	0	4	26	0	1
2895	1	9	3	0	2	18	0	1
2895	1	4	1	0	4	26	0	1
2895	1	10	9	0	0	7	0	1
2896	1	9	3	0	2	18	0	1
2897	1	7	2	0	2	18	0	1
2898	1	6	12	0	4	26	0	1
2898	1	9	3	0	6	32	0	1
2898	1	2	10	0	0	7	0	1
2899	1	6	12	0	4	26	0	1
2899	1	10	9	0	2	18	0	1
2900	1	7	2	0	2	18	0	1
2900	1	4	1	0	6	32	0	1
2900	1	2	10	0	0	7	0	1
2900	1	10	9	0	0	7	0	1
2902	1	7	2	0	0	7	0	1
2903	1	6	12	0	4	26	0	1
2903	1	2	10	0	0	7	0	1
2904	1	10	9	0	2	18	0	1
2905	1	7	2	0	4	26	0	1
2905	1	9	3	0	2	18	0	1
2905	1	2	10	0	0	7	0	1
2906	1	9	3	0	0	7	0	1
2908	1	6	12	0	2	18	0	1
2908	1	9	3	0	6	32	0	1
2909	1	10	9	0	2	18	0	1
2910	1	9	3	0	2	18	0	1
2911	1	9	3	0	0	7	0	1
2913	1	6	12	0	0	7	0	1
2913	1	9	3	0	6	32	0	1
2914	1	10	9	0	2	18	0	1
2915	1	7	2	0	2	18	0	1
2915	1	9	3	0	0	7	0	1
2916	1	9	3	0	0	7	0	1
2918	1	9	3	0	0	7	0	1
2919	1	10	9	0	0	7	0	1
2920	1	7	2	0	2	18	0	1
2920	1	9	3	0	4	26	0	1
2921	1	9	3	0	0	7	0	1
2923	1	9	3	0	4	26	0	1
2924	1	10	9	0	2	18	0	1
2925	1	7	2	0	0	7	0	1
2926	1	9	3	0	0	7	0	1
2928	1	9	3	0	4	26	0	1
2929	1	10	9	0	2	18	0	1
2930	1	7	2	0	2	18	0	1
2931	1	9	3	0	0	7	0	1
2933	1	9	3	0	0	7	0	1
2934	1	10	9	0	2	18	0	1
2935	1	7	2	0	2	18	0	1
2936	1	9	3	0	0	7	0	1
2939	1	10	9	0	0	7	0	1
2941	1	9	3	0	0	7	0	1
2946	1	9	3	0	0	7	0	1
2951	1	9	3	0	0	7	0	1
2956	1	9	3	0	0	7	0	1
2961	1	9	3	0	0	7	0	1
2966	1	9	3	0	0	7	0	1
2971	1	9	3	0	0	7	0	1
2976	1	9	3	0	0	7	0	1
2981	1	9	3	0	0	7	0	1
2986	1	9	3	0	0	7	0	1
2991	1	9	3	0	0	7	0	1
2996	1	9	3	0	0	7	0	1
3001	1	9	3	0	0	7	0	1
